shape_id,shape_pt_lat,shape_pt_lon,shape_pt_sequence,shape_dist_traveled
SHP_1_LOOP,38.970942,-95.237056,1,
SHP_1_LOOP,38.97125,-95.237099,2,
SHP_1_LOOP,38.971254,-95.232405,3,
SHP_1_LOOP,38.963784,-95.232378,4,
SHP_1_LOOP,38.963793,-95.223527,5,
SHP_1_LOOP,38.960003,-95.223519,6,
SHP_1_LOOP,38.957001,-95.223541,7,
SHP_1_LOOP,38.949951,-95.223451,8,
SHP_1_LOOP,38.949995,-95.214195,9,
SHP_1_LOOP,38.942693,-95.214161,10,
SHP_1_LOOP,38.938633,-95.214154,11,
SHP_1_LOOP,38.938616,-95.213703,12,
SHP_1_LOOP,38.936496,-95.213746,13,
SHP_1_LOOP,38.935628,-95.214432,14,
SHP_1_LOOP,38.935411,-95.214432,15,
SHP_1_LOOP,38.935311,-95.223423,16,
SHP_1_LOOP,38.935311,-95.223423,17,
SHP_1_LOOP,38.942706,-95.223414,18,
SHP_1_LOOP,38.949951,-95.223451,19,
SHP_1_LOOP,38.94997,-95.225772,20,
SHP_1_LOOP,38.950021,-95.230589,21,
SHP_1_LOOP,38.950033,-95.231949,22,
SHP_1_LOOP,38.950131,-95.232772,23,
SHP_1_LOOP,38.950935,-95.232803,24,
SHP_1_LOOP,38.957035,-95.232855,25,
SHP_1_LOOP,38.957361,-95.232775,26,
SHP_1_LOOP,38.957761,-95.232443,27,
SHP_1_LOOP,38.957995,-95.232373,28,
SHP_1_LOOP,38.958178,-95.232373,29,
SHP_1_LOOP,38.963784,-95.232368,30,
SHP_1_LOOP,38.963793,-95.237077,31,
SHP_1_LOOP,38.970942,-95.237056,32,
SHP_3_FLEX,38.978862,-95.249965,1,
SHP_3_FLEX,38.976943,-95.249956,2,
SHP_3_FLEX,38.976946,-95.247599,3,
SHP_3_FLEX,38.973156,-95.247593,4,
SHP_3_FLEX,38.973156,-95.239432,5,
SHP_3_FLEX,38.96751739,-95.23942888,6,
SHP_3_FLEX,38.967525,-95.237112,7,
SHP_3_FLEX,38.970942,-95.237056,8,
SHP_3_FLEX,38.97125,-95.237099,9,
SHP_3_FLEX,38.97125,-95.238279,10,
SHP_3_FLEX,38.973159,-95.23827,11,
SHP_3_FLEX,38.973156,-95.247593,12,
SHP_3_FLEX,38.976946,-95.247599,13,
SHP_3_FLEX,38.976943,-95.249956,14,
SHP_3_FLEX,38.978862,-95.249965,15,
SHP_4_SB,38.990313,-95.234885,1,
SHP_4_SB,38.989816,-95.234922,2,
SHP_4_SB,38.989843,-95.233609,3,
SHP_4_SB,38.989698,-95.23333,4,
SHP_4_SB,38.988838,-95.23331,5,
SHP_4_SB,38.988508,-95.233329,6,
SHP_4_SB,38.988123,-95.233392,7,
SHP_4_SB,38.987708,-95.233481,8,
SHP_4_SB,38.987349,-95.233587,9,
SHP_4_SB,38.987169,-95.23365,10,
SHP_4_SB,38.986641,-95.233862,11,
SHP_4_SB,38.986066,-95.234141,12,
SHP_4_SB,38.985012,-95.234675,13,
SHP_4_SB,38.984589,-95.234877,14,
SHP_4_SB,38.984099,-95.235084,15,
SHP_4_SB,38.983624,-95.235221,16,
SHP_4_SB,38.983041,-95.235317,17,
SHP_4_SB,38.982424,-95.235338,18,
SHP_4_SB,38.982384,-95.223885,19,
SHP_4_SB,38.98077,-95.223869,20,
SHP_4_SB,38.979402,-95.224052,21,
SHP_4_SB,38.978965,-95.224051,22,
SHP_4_SB,38.978574,-95.224172,23,
SHP_4_SB,38.977826,-95.224274,24,
SHP_4_SB,38.977792,-95.235311,25,
SHP_4_SB,38.977486,-95.235338,26,
SHP_4_SB,38.97685,-95.235549,27,
SHP_4_SB,38.973313,-95.237051,28,
SHP_4_SB,38.97313,-95.237108,29,
SHP_4_SB,38.96939,-95.237094,30,
SHP_4_SB,38.967525,-95.237112,31,
SHP_4_SB,38.967521,-95.250568,32,
SHP_4_SB,38.967485,-95.258922,33,
SHP_4_SB,38.967512,-95.25916,34,
SHP_4_SB,38.967599,-95.259375,35,
SHP_4_SB,38.967791,-95.259612,36,
SHP_4_SB,38.967894,-95.25977,37,
SHP_4_SB,38.967942,-95.259923,38,
SHP_4_SB,38.967957,-95.260087,39,
SHP_4_SB,38.967949,-95.26043,40,
SHP_4_SB_1ST,38.96939,-95.237094,1,
SHP_4_SB_1ST,38.967525,-95.237112,2,
SHP_4_SB_1ST,38.967521,-95.250568,3,
SHP_4_SB_1ST,38.967485,-95.258922,4,
SHP_4_SB_1ST,38.967512,-95.25916,5,
SHP_4_SB_1ST,38.967599,-95.259375,6,
SHP_4_SB_1ST,38.967791,-95.259612,7,
SHP_4_SB_1ST,38.967894,-95.25977,8,
SHP_4_SB_1ST,38.967942,-95.259923,9,
SHP_4_SB_1ST,38.967957,-95.260087,10,
SHP_4_SB_1ST,38.967949,-95.26043,11,
SHP_4_NB,38.967949,-95.26043,1,
SHP_4_NB,38.96423068,-95.26043773,2,
SHP_4_NB,38.96426405,-95.26166081,3,
SHP_4_NB,38.96429742,-95.2621758,4,
SHP_4_NB,38.96464778,-95.26333451,5,
SHP_4_NB,38.96466447,-95.26391387,6,
SHP_4_NB,38.9679011,-95.26393533,7,
SHP_4_NB,38.967949,-95.26043,8,
SHP_4_NB,38.967957,-95.260087,9,
SHP_4_NB,38.967942,-95.259923,10,
SHP_4_NB,38.967894,-95.25977,11,
SHP_4_NB,38.967791,-95.259612,12,
SHP_4_NB,38.967599,-95.259375,13,
SHP_4_NB,38.967512,-95.25916,14,
SHP_4_NB,38.967485,-95.258922,15,
SHP_4_NB,38.967521,-95.250568,16,
SHP_4_NB,38.967525,-95.237112,17,
SHP_4_NB,38.970942,-95.237056,18,
SHP_4_NB,38.97125,-95.237099,19,
SHP_4_NB,38.971246,-95.234717,20,
SHP_4_NB,38.972727,-95.234722,21,
SHP_4_NB,38.972883,-95.234778,22,
SHP_4_NB,38.972965,-95.234848,23,
SHP_4_NB,38.973049,-95.234976,24,
SHP_4_NB,38.973103,-95.235143,25,
SHP_4_NB,38.973116,-95.235324,26,
SHP_4_NB,38.973124,-95.236042,27,
SHP_4_NB,38.977,-95.235417,28,
SHP_4_NB,38.977486,-95.235338,29,
SHP_4_NB,38.977792,-95.235311,30,
SHP_4_NB,38.977826,-95.224274,31,
SHP_4_NB,38.978574,-95.224172,32,
SHP_4_NB,38.978965,-95.224051,33,
SHP_4_NB,38.979402,-95.224052,34,
SHP_4_NB,38.98077,-95.223869,35,
SHP_4_NB,38.982384,-95.223885,36,
SHP_4_NB,38.982424,-95.235338,37,
SHP_4_NB,38.983041,-95.235317,38,
SHP_4_NB,38.983624,-95.235221,39,
SHP_4_NB,38.984099,-95.235084,40,
SHP_4_NB,38.984589,-95.234877,41,
SHP_4_NB,38.985012,-95.234675,42,
SHP_4_NB,38.986066,-95.234141,43,
SHP_4_NB,38.986641,-95.233862,44,
SHP_4_NB,38.987169,-95.23365,45,
SHP_4_NB,38.987349,-95.233587,46,
SHP_4_NB,38.987708,-95.233481,47,
SHP_4_NB,38.988123,-95.233392,48,
SHP_4_NB,38.988508,-95.233329,49,
SHP_4_NB,38.988838,-95.23331,50,
SHP_4_NB,38.991501,-95.233379,51,
SHP_4_NB,38.990313,-95.234885,52,
SHP_4_NB,38.991468,-95.234798,53,
SHP_5_EB,38.928152,-95.258391,1,
SHP_5_EB,38.928189,-95.255054,2,
SHP_5_EB,38.924589,-95.255012,3,
SHP_5_EB,38.924575,-95.260544,4,
SHP_5_EB,38.924573,-95.261748,5,
SHP_5_EB,38.925274,-95.261752,6,
SHP_5_EB,38.925426,-95.261722,7,
SHP_5_EB,38.925574,-95.261619,8,
SHP_5_EB,38.925718,-95.261503,9,
SHP_5_EB,38.925902,-95.261457,10,
SHP_5_EB,38.926277,-95.26146,11,
SHP_5_EB,38.926471,-95.261514,12,
SHP_5_EB,38.926627,-95.261656,13,
SHP_5_EB,38.926717,-95.261836,14,
SHP_5_EB,38.926755,-95.262076,15,
SHP_5_EB,38.926754,-95.262633,16,
SHP_5_EB,38.927292,-95.262574,17,
SHP_5_EB,38.928144,-95.262579,18,
SHP_5_EB,38.928147,-95.260567,19,
SHP_5_EB,38.9427,-95.260508,20,
SHP_5_EB,38.942766,-95.250399,21,
SHP_5_EB,38.942854,-95.241824,22,
SHP_5_EB,38.942794,-95.235907,23,
SHP_5_EB,38.940128,-95.235907,24,
SHP_5_EB,38.94006,-95.23277,25,
SHP_5_EB,38.942765,-95.232735,26,
SHP_5_EB,38.942746,-95.230539,27,
SHP_5_EB,38.942706,-95.223414,28,
SHP_5_EB,38.942681,-95.216516,29,
SHP_5_EB,38.942728,-95.211359,30,
SHP_5_EB,38.942646,-95.209404,31,
SHP_5_EB,38.942581,-95.206988,32,
SHP_5_EB,38.942563,-95.204918,33,
SHP_5_EB,38.93925008,-95.20494819,34,
SHP_5_EB,38.939179,-95.199122,35,
SHP_5_EB,38.941478,-95.199165,36,
SHP_5_EB,38.941161,-95.204401,37,
SHP_5_EB,38.941136,-95.204905,38,
SHP_5_EB,38.942484,-95.204894,39,
SHP_5_EB,38.94331,-95.204926,40,
SHP_5_EB,38.945588,-95.204369,41,
SHP_5_EB,38.945513,-95.196633,42,
SHP_5_EB,38.9448,-95.191826,43,
SHP_5_EB,38.944616,-95.190839,44,
SHP_5_EB,38.944708,-95.189927,45,
SHP_5_EB,38.945108,-95.189005,46,
SHP_5_EB,38.945717,-95.189262,47,
SHP_5_EB,38.947253,-95.189048,48,
SHP_5_EB,38.947829,-95.188543,49,
SHP_5_EB,38.948308,-95.186709,50,
SHP_5_EB,38.947424,-95.182106,51,
SHP_5_EB,38.947377,-95.180608,52,
SHP_5_EB,38.946967,-95.180686,53,
SHP_5_EB,38.946531,-95.180825,54,
SHP_5_EB,38.944683,-95.181634,55,
SHP_5_WB,38.944683,-95.181634,1,
SHP_5_WB,38.944416,-95.181794,2,
SHP_5_WB,38.94417,-95.182037,3,
SHP_5_WB,38.943973,-95.182345,4,
SHP_5_WB,38.943836,-95.182702,5,
SHP_5_WB,38.943762,-95.18312,6,
SHP_5_WB,38.943769,-95.183548,7,
SHP_5_WB,38.943839,-95.183905,8,
SHP_5_WB,38.943907,-95.184101,9,
SHP_5_WB,38.944342,-95.185185,10,
SHP_5_WB,38.94443,-95.185452,11,
SHP_5_WB,38.944483,-95.185713,12,
SHP_5_WB,38.944509,-95.186049,13,
SHP_5_WB,38.944514,-95.187438,14,
SHP_5_WB,38.94454,-95.18796,15,
SHP_5_WB,38.94454,-95.18796,16,
SHP_5_WB,38.945108,-95.189005,17,
SHP_5_WB,38.944708,-95.189927,18,
SHP_5_WB,38.944616,-95.190839,19,
SHP_5_WB,38.9448,-95.191826,20,
SHP_5_WB,38.945513,-95.196633,21,
SHP_5_WB,38.945588,-95.204369,22,
SHP_5_WB,38.94331,-95.204926,23,
SHP_5_WB,38.942484,-95.204894,24,
SHP_5_WB,38.941136,-95.204905,25,
SHP_5_WB,38.942794,-95.204939,26,
SHP_5_WB,38.942805,-95.20699,27,
SHP_5_WB,38.942796,-95.209387,28,
SHP_5_WB,38.942728,-95.211359,29,
SHP_5_WB,38.942681,-95.216516,30,
SHP_5_WB,38.942706,-95.223414,31,
SHP_5_WB,38.942746,-95.230539,32,
SHP_5_WB,38.942765,-95.232735,33,
SHP_5_WB,38.94006,-95.23277,34,
SHP_5_WB,38.940128,-95.235907,35,
SHP_5_WB,38.942794,-95.235907,36,
SHP_5_WB,38.942854,-95.241824,37,
SHP_5_WB,38.942766,-95.250399,38,
SHP_5_WB,38.9427,-95.260508,39,
SHP_5_WB,38.928147,-95.260567,40,
SHP_5_WB,38.928152,-95.258391,41,
SHP_6_EB,38.973442,-95.307021,1,
SHP_6_EB,38.973156,-95.30699,2,
SHP_6_EB,38.971528,-95.306977,3,
SHP_6_EB,38.971528,-95.306977,4,
SHP_6_EB,38.971541,-95.297619,5,
SHP_6_EB,38.971545,-95.288321,6,
SHP_6_EB,38.971558,-95.281237,7,
SHP_6_EB,38.971567,-95.270258,8,
SHP_6_EB,38.971543,-95.268039,9,
SHP_6_EB,38.971551,-95.267282,10,
SHP_6_EB,38.97161,-95.266179,11,
SHP_6_EB,38.971761,-95.264995,12,
SHP_6_EB,38.9718883,-95.26425719,13,
SHP_6_EB,38.97232204,-95.26256204,14,
SHP_6_EB,38.972811,-95.260695,15,
SHP_6_EB,38.972922,-95.26044,16,
SHP_6_EB,38.97299,-95.260011,17,
SHP_6_EB,38.973078,-95.259187,18,
SHP_6_EB,38.973151,-95.257852,19,
SHP_6_EB,38.973166,-95.257227,20,
SHP_6_EB,38.9731027,-95.2546352,21,
SHP_6_EB,38.9731236,-95.2511054,22,
SHP_6_EB,38.9769353,-95.2511268,23,
SHP_6_EB,38.978812,-95.251126,24,
SHP_6_EB,38.978863,-95.250241,25,
SHP_6_EB,38.978862,-95.249965,26,
SHP_6_EB,38.976943,-95.249956,27,
SHP_6_EB,38.976946,-95.247599,28,
SHP_6_EB,38.973156,-95.247593,29,
SHP_6_EB,38.973159,-95.23827,30,
SHP_6_EB,38.973124,-95.236042,31,
SHP_6_EB,38.973116,-95.235324,32,
SHP_6_EB,38.973103,-95.235143,33,
SHP_6_EB,38.973049,-95.234976,34,
SHP_6_EB,38.972965,-95.234848,35,
SHP_6_EB,38.972883,-95.234778,36,
SHP_6_EB,38.972727,-95.234722,37,
SHP_6_EB,38.972617,-95.234709,38,
SHP_6_EB,38.967526,-95.234707,39,
SHP_6_EB,38.97127105,-95.23470819,40,
SHP_6_EB,38.967534,-95.234717,41,
SHP_6_EB,38.967525,-95.237112,42,
SHP_6_EB,38.970942,-95.237056,43,
SHP_6_WB,38.970942,-95.237056,1,
SHP_6_WB,38.97125,-95.237099,2,
SHP_6_WB,38.97125,-95.238279,3,
SHP_6_WB,38.973159,-95.23827,4,
SHP_6_WB,38.973156,-95.247593,5,
SHP_6_WB,38.976946,-95.247599,6,
SHP_6_WB,38.976943,-95.249956,7,
SHP_6_WB,38.978862,-95.249965,8,
SHP_6_WB,38.978863,-95.250241,9,
SHP_6_WB,38.978812,-95.251126,10,
SHP_6_WB,38.9769353,-95.2511268,11,
SHP_6_WB,38.9731236,-95.2511054,12,
SHP_6_WB,38.973166,-95.257227,13,
SHP_6_WB,38.973151,-95.257852,14,
SHP_6_WB,38.973078,-95.259187,15,
SHP_6_WB,38.97299,-95.260011,16,
SHP_6_WB,38.972922,-95.26044,17,
SHP_6_WB,38.972811,-95.260695,18,
SHP_6_WB,38.97232204,-95.26256204,19,
SHP_6_WB,38.9718883,-95.26425719,20,
SHP_6_WB,38.971761,-95.264995,21,
SHP_6_WB,38.97161,-95.266179,22,
SHP_6_WB,38.971551,-95.267282,23,
SHP_6_WB,38.971543,-95.268039,24,
SHP_6_WB,38.971567,-95.270258,25,
SHP_6_WB,38.971558,-95.281237,26,
SHP_6_WB,38.971545,-95.288321,27,
SHP_6_WB,38.971541,-95.297619,28,
SHP_6_WB,38.973584,-95.297622,29,
SHP_6_WB,38.973584,-95.297973,30,
SHP_6_WB,38.973617,-95.298276,31,
SHP_6_WB,38.973722,-95.298562,32,
SHP_6_WB,38.973836,-95.298774,33,
SHP_6_WB,38.973915,-95.299024,34,
SHP_6_WB,38.973941,-95.29929,35,
SHP_6_WB,38.973929,-95.304638,36,
SHP_6_WB,38.973935,-95.306692,37,
SHP_6_WB,38.973903,-95.30697,38,
SHP_6_WB,38.973863,-95.307139,39,
SHP_6_WB,38.973678,-95.307076,40,
SHP_6_WB,38.973442,-95.307021,41,
SHP_7_SB,38.970942,-95.237056,1,
SHP_7_SB,38.97125,-95.237099,2,
SHP_7_SB,38.971246,-95.234717,3,
SHP_7_SB,38.967534,-95.234717,4,
SHP_7_SB,38.963786,-95.234691,5,
SHP_7_SB,38.963786,-95.235914,6,
SHP_7_SB,38.950078,-95.235907,7,
SHP_7_SB,38.950141,-95.241822,8,
SHP_7_SB,38.942861,-95.241824,9,
SHP_7_SB,38.935564,-95.241829,10,
SHP_7_SB,38.935564,-95.246509,11,
SHP_7_SB,38.935514,-95.247102,12,
SHP_7_SB,38.935418,-95.247717,13,
SHP_7_SB,38.935244,-95.248288,14,
SHP_7_SB,38.934632,-95.249865,15,
SHP_7_SB,38.934498,-95.250294,16,
SHP_7_SB,38.934422,-95.250741,17,
SHP_7_SB,38.934402,-95.251193,18,
SHP_7_SB,38.934359,-95.256712,19,
SHP_7_SB,38.934426,-95.25736,20,
SHP_7_SB,38.934439,-95.257824,21,
SHP_7_SB,38.934418,-95.26055,22,
SHP_7_SB,38.934421,-95.2624,23,
SHP_7_SB,38.934435,-95.262708,24,
SHP_7_SB,38.934499,-95.263113,25,
SHP_7_SB,38.934627,-95.263543,26,
SHP_7_SB,38.93481,-95.263938,27,
SHP_7_SB,38.934996,-95.26424,28,
SHP_7_SB,38.935155,-95.264589,29,
SHP_7_SB,38.93526,-95.26497,30,
SHP_7_SB,38.935308,-95.265481,31,
SHP_7_SB,38.935303,-95.269859,32,
SHP_7_SB,38.934904,-95.26986,33,
SHP_7_SB,38.934535,-95.269893,34,
SHP_7_SB,38.9342,-95.26998,35,
SHP_7_SB,38.933882,-95.270116,36,
SHP_7_SB,38.93343,-95.270415,37,
SHP_7_SB,38.930128,-95.273127,38,
SHP_7_SB,38.929809,-95.273324,39,
SHP_7_SB,38.929562,-95.2734,40,
SHP_7_SB,38.929341,-95.273422,41,
SHP_7_SB,38.928126,-95.273419,42,
SHP_7_SB,38.928147,-95.260567,43,
SHP_7_SB,38.928152,-95.258391,44,
SHP_7_NB,38.928152,-95.258391,1,
SHP_7_NB,38.928189,-95.255054,2,
SHP_7_NB,38.924589,-95.255012,3,
SHP_7_NB,38.924575,-95.260544,4,
SHP_7_NB,38.924573,-95.261748,5,
SHP_7_NB,38.925274,-95.261752,6,
SHP_7_NB,38.925426,-95.261722,7,
SHP_7_NB,38.925574,-95.261619,8,
SHP_7_NB,38.925718,-95.261503,9,
SHP_7_NB,38.925902,-95.261457,10,
SHP_7_NB,38.926277,-95.26146,11,
SHP_7_NB,38.926471,-95.261514,12,
SHP_7_NB,38.926627,-95.261656,13,
SHP_7_NB,38.926717,-95.261836,14,
SHP_7_NB,38.926755,-95.262076,15,
SHP_7_NB,38.926754,-95.262633,16,
SHP_7_NB,38.927292,-95.262574,17,
SHP_7_NB,38.928144,-95.262579,18,
SHP_7_NB,38.928126,-95.273419,19,
SHP_7_NB,38.929341,-95.273422,20,
SHP_7_NB,38.929562,-95.2734,21,
SHP_7_NB,38.929809,-95.273324,22,
SHP_7_NB,38.930128,-95.273127,23,
SHP_7_NB,38.93343,-95.270415,24,
SHP_7_NB,38.933882,-95.270116,25,
SHP_7_NB,38.9342,-95.26998,26,
SHP_7_NB,38.934535,-95.269893,27,
SHP_7_NB,38.934904,-95.26986,28,
SHP_7_NB,38.935303,-95.269859,29,
SHP_7_NB,38.935308,-95.265481,30,
SHP_7_NB,38.93526,-95.26497,31,
SHP_7_NB,38.935155,-95.264589,32,
SHP_7_NB,38.934996,-95.26424,33,
SHP_7_NB,38.93481,-95.263938,34,
SHP_7_NB,38.934627,-95.263543,35,
SHP_7_NB,38.934499,-95.263113,36,
SHP_7_NB,38.934435,-95.262708,37,
SHP_7_NB,38.934421,-95.2624,38,
SHP_7_NB,38.934418,-95.26055,39,
SHP_7_NB,38.934439,-95.257824,40,
SHP_7_NB,38.934426,-95.25736,41,
SHP_7_NB,38.934359,-95.256712,42,
SHP_7_NB,38.934402,-95.251193,43,
SHP_7_NB,38.934422,-95.250741,44,
SHP_7_NB,38.934498,-95.250294,45,
SHP_7_NB,38.934632,-95.249865,46,
SHP_7_NB,38.935244,-95.248288,47,
SHP_7_NB,38.935418,-95.247717,48,
SHP_7_NB,38.935514,-95.247102,49,
SHP_7_NB,38.935564,-95.246509,50,
SHP_7_NB,38.935547,-95.244325,51,
SHP_7_NB,38.934509,-95.244326,52,
SHP_7_NB,38.934499,-95.24383,53,
SHP_7_NB,38.934289,-95.242556,54,
SHP_7_NB,38.934287,-95.241827,55,
SHP_7_NB,38.935564,-95.241829,56,
SHP_7_NB,38.942854,-95.241824,57,
SHP_7_NB,38.946553,-95.241823,58,
SHP_7_NB,38.946514,-95.23826,59,
SHP_7_NB,38.950104,-95.23828,60,
SHP_7_NB,38.950078,-95.235907,61,
SHP_7_NB,38.963786,-95.235914,62,
SHP_7_NB,38.963792,-95.237114,63,
SHP_7_NB,38.967525,-95.237112,64,
SHP_7_NB,38.970942,-95.237056,65,
SHP_9_EB_1ST,38.973442,-95.307021,1,
SHP_9_EB_1ST,38.973156,-95.30699,2,
SHP_9_EB_1ST,38.971528,-95.306977,3,
SHP_9_EB_1ST,38.971528,-95.306977,4,
SHP_9_EB_1ST,38.957008,-95.306935,5,
SHP_9_EB_1ST,38.942588,-95.3072369,6,
SHP_9_EB_1ST,38.937147,-95.3072369,7,
SHP_9_EB_1ST,38.9368466,-95.3071725,8,
SHP_9_EB_1ST,38.9356616,-95.3059923,9,
SHP_9_EB_1ST,38.9353945,-95.3055417,10,
SHP_9_EB_1ST,38.935355,-95.305319,11,
SHP_9_EB_1ST,38.93536119,-95.29780448,12,
SHP_9_EB_1ST,38.93732235,-95.29782593,13,
SHP_9_EB_1ST,38.94084396,-95.29776156,14,
SHP_9_EB_1ST,38.93745587,-95.29771864,15,
SHP_9_EB_1ST,38.94100251,-95.29764354,16,
SHP_9_EB_1ST,38.94101086,-95.29613078,17,
SHP_9_EB_1ST,38.94069375,-95.29503644,18,
SHP_9_EB_1ST,38.94071044,-95.29112041,19,
SHP_9_EB_1ST,38.9408523,-95.29060543,20,
SHP_9_EB_1ST,38.94126954,-95.28956473,21,
SHP_9_EB_1ST,38.94127789,-95.28879225,22,
SHP_9_EB_1ST,38.9411861,-95.28864205,23,
SHP_9_EB_1ST,38.94121113,-95.28847039,24,
SHP_9_EB_1ST,38.94129458,-95.28844893,25,
SHP_9_EB_1ST,38.94141975,-95.28853476,26,
SHP_9_EB_1ST,38.942253,-95.288508,27,
SHP_9_EB_1ST,38.942665,-95.288497,28,
SHP_9_EB_1ST,38.942668,-95.279481,29,
SHP_9_EB_1ST,38.942335,-95.279487,30,
SHP_9_EB_1ST,38.94208,-95.279468,31,
SHP_9_EB_1ST,38.94182,-95.279399,32,
SHP_9_EB_1ST,38.941626,-95.279317,33,
SHP_9_EB_1ST,38.941408,-95.279227,34,
SHP_9_EB_1ST,38.941178,-95.279173,35,
SHP_9_EB_1ST,38.940883,-95.279146,36,
SHP_9_EB_1ST,38.929933,-95.279184,37,
SHP_9_EB_1ST,38.92964,-95.279172,38,
SHP_9_EB_1ST,38.929348,-95.279112,39,
SHP_9_EB_1ST,38.929104,-95.278998,40,
SHP_9_EB_1ST,38.928877,-95.278839,41,
SHP_9_EB_1ST,38.92867,-95.278637,42,
SHP_9_EB_1ST,38.928473,-95.278371,43,
SHP_9_EB_1ST,38.928313,-95.278055,44,
SHP_9_EB_1ST,38.928203,-95.277716,45,
SHP_9_EB_1ST,38.928136,-95.277348,46,
SHP_9_EB_1ST,38.928119,-95.276986,47,
SHP_9_EB_1ST,38.928144,-95.262579,48,
SHP_9_EB_1ST,38.928147,-95.260567,49,
SHP_9_EB_1ST,38.928152,-95.258391,50,
SHP_9_EB,38.980969,-95.328607,1,
SHP_9_EB,38.978901,-95.328811,2,
SHP_9_EB,38.978901,-95.325818,3,
SHP_9_EB,38.975565,-95.325818,4,
SHP_9_EB,38.975156,-95.32128,5,
SHP_9_EB,38.975164,-95.316355,6,
SHP_9_EB,38.975148,-95.312557,7,
SHP_9_EB,38.974772,-95.311237,8,
SHP_9_EB,38.974672,-95.309424,9,
SHP_9_EB,38.973988,-95.308362,10,
SHP_9_EB,38.973788,-95.307708,11,
SHP_9_EB,38.973855,-95.307203,12,
SHP_9_EB,38.973442,-95.307021,13,
SHP_9_EB,38.973156,-95.30699,14,
SHP_9_EB,38.971528,-95.306977,15,
SHP_9_EB,38.971528,-95.306977,16,
SHP_9_EB,38.957008,-95.306935,17,
SHP_9_EB,38.942588,-95.3072369,18,
SHP_9_EB,38.937147,-95.3072369,19,
SHP_9_EB,38.9368466,-95.3071725,20,
SHP_9_EB,38.9356616,-95.3059923,21,
SHP_9_EB,38.9353945,-95.3055417,22,
SHP_9_EB,38.935355,-95.305319,23,
SHP_9_EB,38.93536119,-95.29780448,24,
SHP_9_EB,38.93732235,-95.29782593,25,
SHP_9_EB,38.94084396,-95.29776156,26,
SHP_9_EB,38.93745587,-95.29771864,27,
SHP_9_EB,38.94100251,-95.29764354,28,
SHP_9_EB,38.94101086,-95.29613078,29,
SHP_9_EB,38.94069375,-95.29503644,30,
SHP_9_EB,38.94071044,-95.29112041,31,
SHP_9_EB,38.9408523,-95.29060543,32,
SHP_9_EB,38.94126954,-95.28956473,33,
SHP_9_EB,38.94127789,-95.28879225,34,
SHP_9_EB,38.9411861,-95.28864205,35,
SHP_9_EB,38.94121113,-95.28847039,36,
SHP_9_EB,38.94129458,-95.28844893,37,
SHP_9_EB,38.94141975,-95.28853476,38,
SHP_9_EB,38.942253,-95.288508,39,
SHP_9_EB,38.942665,-95.288497,40,
SHP_9_EB,38.942668,-95.279481,41,
SHP_9_EB,38.942335,-95.279487,42,
SHP_9_EB,38.94208,-95.279468,43,
SHP_9_EB,38.94182,-95.279399,44,
SHP_9_EB,38.941626,-95.279317,45,
SHP_9_EB,38.941408,-95.279227,46,
SHP_9_EB,38.941178,-95.279173,47,
SHP_9_EB,38.940883,-95.279146,48,
SHP_9_EB,38.929933,-95.279184,49,
SHP_9_EB,38.92964,-95.279172,50,
SHP_9_EB,38.929348,-95.279112,51,
SHP_9_EB,38.929104,-95.278998,52,
SHP_9_EB,38.928877,-95.278839,53,
SHP_9_EB,38.92867,-95.278637,54,
SHP_9_EB,38.928473,-95.278371,55,
SHP_9_EB,38.928313,-95.278055,56,
SHP_9_EB,38.928203,-95.277716,57,
SHP_9_EB,38.928136,-95.277348,58,
SHP_9_EB,38.928119,-95.276986,59,
SHP_9_EB,38.928144,-95.262579,60,
SHP_9_EB,38.928147,-95.260567,61,
SHP_9_EB,38.928152,-95.258391,62,
SHP_9_WB,38.928152,-95.258391,1,
SHP_9_WB,38.928189,-95.255054,2,
SHP_9_WB,38.924589,-95.255012,3,
SHP_9_WB,38.924575,-95.260544,4,
SHP_9_WB,38.924573,-95.261748,5,
SHP_9_WB,38.925274,-95.261752,6,
SHP_9_WB,38.925426,-95.261722,7,
SHP_9_WB,38.925574,-95.261619,8,
SHP_9_WB,38.925718,-95.261503,9,
SHP_9_WB,38.925902,-95.261457,10,
SHP_9_WB,38.926277,-95.26146,11,
SHP_9_WB,38.926471,-95.261514,12,
SHP_9_WB,38.926627,-95.261656,13,
SHP_9_WB,38.926717,-95.261836,14,
SHP_9_WB,38.926755,-95.262076,15,
SHP_9_WB,38.926754,-95.262633,16,
SHP_9_WB,38.927292,-95.262574,17,
SHP_9_WB,38.928144,-95.262579,18,
SHP_9_WB,38.928119,-95.276986,19,
SHP_9_WB,38.928136,-95.277348,20,
SHP_9_WB,38.928203,-95.277716,21,
SHP_9_WB,38.928313,-95.278055,22,
SHP_9_WB,38.928473,-95.278371,23,
SHP_9_WB,38.92867,-95.278637,24,
SHP_9_WB,38.928877,-95.278839,25,
SHP_9_WB,38.929104,-95.278998,26,
SHP_9_WB,38.929348,-95.279112,27,
SHP_9_WB,38.92964,-95.279172,28,
SHP_9_WB,38.929933,-95.279184,29,
SHP_9_WB,38.940883,-95.279146,30,
SHP_9_WB,38.941178,-95.279173,31,
SHP_9_WB,38.941408,-95.279227,32,
SHP_9_WB,38.941626,-95.279317,33,
SHP_9_WB,38.94182,-95.279399,34,
SHP_9_WB,38.94208,-95.279468,35,
SHP_9_WB,38.942335,-95.279487,36,
SHP_9_WB,38.942668,-95.279481,37,
SHP_9_WB,38.942665,-95.288497,38,
SHP_9_WB,38.941724,-95.288503,39,
SHP_9_WB,38.94142,-95.288592,40,
SHP_9_WB,38.941383,-95.288716,41,
SHP_9_WB,38.941305,-95.288755,42,
SHP_9_WB,38.94126954,-95.28956473,43,
SHP_9_WB,38.9408523,-95.29060543,44,
SHP_9_WB,38.94071044,-95.29112041,45,
SHP_9_WB,38.94069375,-95.29503644,46,
SHP_9_WB,38.94101086,-95.29613078,47,
SHP_9_WB,38.941065,-95.297622,48,
SHP_9_WB,38.941165,-95.29788,49,
SHP_9_WB,38.941048,-95.298019,50,
SHP_9_WB,38.940932,-95.297923,51,
SHP_9_WB,38.93746,-95.298019,52,
SHP_9_WB,38.935367,-95.297882,53,
SHP_9_WB,38.935358,-95.303498,54,
SHP_9_WB,38.935337,-95.305223,55,
SHP_9_WB,38.935392,-95.305523,56,
SHP_9_WB,38.935559,-95.30585,57,
SHP_9_WB,38.935792,-95.306118,58,
SHP_9_WB,38.936906,-95.307202,59,
SHP_9_WB,38.937136,-95.307245,60,
SHP_9_WB,38.942623,-95.307229,61,
SHP_9_WB,38.951801,-95.307063,62,
SHP_9_WB,38.957008,-95.306935,63,
SHP_9_WB,38.971528,-95.306977,64,
SHP_9_WB,38.971541,-95.297619,65,
SHP_9_WB,38.973584,-95.297622,66,
SHP_9_WB,38.973584,-95.297973,67,
SHP_9_WB,38.973617,-95.298276,68,
SHP_9_WB,38.973722,-95.298562,69,
SHP_9_WB,38.973836,-95.298774,70,
SHP_9_WB,38.973915,-95.299024,71,
SHP_9_WB,38.973941,-95.29929,72,
SHP_9_WB,38.973929,-95.304638,73,
SHP_9_WB,38.973935,-95.306692,74,
SHP_9_WB,38.973903,-95.30697,75,
SHP_9_WB,38.973855,-95.307203,76,
SHP_9_WB,38.973788,-95.307708,77,
SHP_9_WB,38.973988,-95.308362,78,
SHP_9_WB,38.974672,-95.309424,79,
SHP_9_WB,38.974772,-95.311237,80,
SHP_9_WB,38.975148,-95.312557,81,
SHP_9_WB,38.975164,-95.316355,82,
SHP_9_WB,38.975156,-95.32128,83,
SHP_9_WB,38.975565,-95.325818,84,
SHP_9_WB,38.978901,-95.325818,85,
SHP_9_WB,38.978901,-95.328811,86,
SHP_9_WB,38.980969,-95.328607,87,
SHP_10_EB,38.973678,-95.307076,1,
SHP_10_EB,38.973442,-95.307021,2,
SHP_10_EB,38.973156,-95.30699,3,
SHP_10_EB,38.971528,-95.306977,4,
SHP_10_EB,38.957008,-95.306935,5,
SHP_10_EB,38.957007,-95.288345,6,
SHP_10_EB,38.957037,-95.267252,7,
SHP_10_EB,38.957029,-95.261779,8,
SHP_10_EB,38.957001,-95.261471,9,
SHP_10_EB,38.95694,-95.261121,10,
SHP_10_EB,38.956912,-95.260754,11,
SHP_10_EB,38.956919,-95.260476,12,
SHP_10_EB,38.9570444,-95.2574568,13,
SHP_10_EB,38.9570569,-95.2546459,14,
SHP_10_EB,38.9570527,-95.2521085,15,
SHP_10_EB,38.9588381,-95.2521353,16,
SHP_10_EB,38.958934,-95.2511429,17,
SHP_10_EB,38.9589841,-95.2508211,18,
SHP_10_EB,38.9573489,-95.245918,19,
SHP_10_EB,38.9578411,-95.2436918,20,
SHP_10_EB,38.9581331,-95.2434235,21,
SHP_10_EB,38.9599685,-95.2429085,22,
SHP_10_EB,38.9599477,-95.2417659,23,
SHP_10_EB,38.9618623,-95.2417498,24,
SHP_10_EB,38.9637726,-95.2417659,25,
SHP_10_EB,38.963792,-95.237114,26,
SHP_10_EB,38.967525,-95.237112,27,
SHP_10_EB,38.970942,-95.237056,28,
SHP_10_WB,38.970942,-95.237056,1,
SHP_10_WB,38.97125,-95.237099,2,
SHP_10_WB,38.97125,-95.238279,3,
SHP_10_WB,38.971263,-95.239427,4,
SHP_10_WB,38.967534,-95.239449,5,
SHP_10_WB,38.967512,-95.240609,6,
SHP_10_WB,38.967495,-95.242894,7,
SHP_10_WB,38.961864,-95.242959,8,
SHP_10_WB,38.961831,-95.242487,9,
SHP_10_WB,38.959962,-95.242926,10,
SHP_10_WB,38.958143,-95.243399,11,
SHP_10_WB,38.957801,-95.243688,12,
SHP_10_WB,38.957459,-95.244375,13,
SHP_10_WB,38.957292,-95.245115,14,
SHP_10_WB,38.957351,-95.245909,15,
SHP_10_WB,38.958969,-95.250812,16,
SHP_10_WB,38.959147,-95.250881,17,
SHP_10_WB,38.959189,-95.251074,18,
SHP_10_WB,38.959156,-95.25116,19,
SHP_10_WB,38.959068,-95.251198,20,
SHP_10_WB,38.958939,-95.251192,21,
SHP_10_WB,38.958843,-95.251825,22,
SHP_10_WB,38.958839,-95.252152,23,
SHP_10_WB,38.9576372,-95.2521255,24,
SHP_10_WB,38.957195,-95.2522221,25,
SHP_10_WB,38.957099,-95.2524742,26,
SHP_10_WB,38.9570573,-95.2546468,27,
SHP_10_WB,38.95700607,-95.25743365,28,
SHP_10_WB,38.956919,-95.260476,29,
SHP_10_WB,38.956912,-95.260754,30,
SHP_10_WB,38.95694,-95.261121,31,
SHP_10_WB,38.957001,-95.261471,32,
SHP_10_WB,38.957029,-95.261779,33,
SHP_10_WB,38.957037,-95.267252,34,
SHP_10_WB,38.957007,-95.288345,35,
SHP_10_WB,38.957008,-95.306935,36,
SHP_10_WB,38.971528,-95.306977,37,
SHP_10_WB,38.971541,-95.297619,38,
SHP_10_WB,38.973584,-95.297622,39,
SHP_10_WB,38.973584,-95.297973,40,
SHP_10_WB,38.973617,-95.298276,41,
SHP_10_WB,38.973722,-95.298562,42,
SHP_10_WB,38.973836,-95.298774,43,
SHP_10_WB,38.973915,-95.299024,44,
SHP_10_WB,38.973941,-95.29929,45,
SHP_10_WB,38.973929,-95.304638,46,
SHP_10_WB,38.973935,-95.306692,47,
SHP_10_WB,38.973903,-95.30697,48,
SHP_10_WB,38.973863,-95.307139,49,
SHP_10_WB,38.973678,-95.307076,50,
SHP_10_WB,38.973442,-95.307021,51,
SHP_11_SB,38.970942,-95.237056,1,
SHP_11_SB,38.97125,-95.237099,2,
SHP_11_SB,38.97125,-95.238279,3,
SHP_11_SB,38.971263,-95.239427,4,
SHP_11_SB,38.967534,-95.239449,5,
SHP_11_SB,38.967512,-95.240609,6,
SHP_11_SB,38.967495,-95.242894,7,
SHP_11_SB,38.961864,-95.242959,8,
SHP_11_SB,38.961831,-95.242487,9,
SHP_11_SB,38.959962,-95.242926,10,
SHP_11_SB,38.958143,-95.243399,11,
SHP_11_SB,38.957801,-95.243688,12,
SHP_11_SB,38.957459,-95.244375,13,
SHP_11_SB,38.957292,-95.245115,14,
SHP_11_SB,38.957351,-95.245909,15,
SHP_11_SB,38.958969,-95.250812,16,
SHP_11_SB,38.959147,-95.250881,17,
SHP_11_SB,38.959189,-95.251074,18,
SHP_11_SB,38.959156,-95.25116,19,
SHP_11_SB,38.959068,-95.251198,20,
SHP_11_SB,38.958939,-95.251192,21,
SHP_11_SB,38.958843,-95.251825,22,
SHP_11_SB,38.958839,-95.252152,23,
SHP_11_SB,38.9576372,-95.2521255,24,
SHP_11_SB,38.957195,-95.2522221,25,
SHP_11_SB,38.957099,-95.2524742,26,
SHP_11_SB,38.9570573,-95.2546468,27,
SHP_11_SB,38.9558267,-95.2546843,28,
SHP_11_SB,38.9557892,-95.255827,29,
SHP_11_SB,38.9556974,-95.2563044,30,
SHP_11_SB,38.9555973,-95.2565672,31,
SHP_11_SB,38.9554179,-95.2568569,32,
SHP_11_SB,38.9536492,-95.258595,33,
SHP_11_SB,38.9535031,-95.2588096,34,
SHP_11_SB,38.9534489,-95.2590671,35,
SHP_11_SB,38.9534739,-95.2594104,36,
SHP_11_SB,38.953645,-95.2604135,37,
SHP_11_SB,38.9536283,-95.2609714,38,
SHP_11_SB,38.9535741,-95.2621248,39,
SHP_11_SB,38.9534239,-95.2629187,40,
SHP_11_SB,38.9528983,-95.262849,41,
SHP_11_SB,38.9525562,-95.2628436,42,
SHP_11_SB,38.952139,-95.2626237,43,
SHP_11_SB,38.9517594,-95.2621892,44,
SHP_11_SB,38.9514548,-95.2617493,45,
SHP_11_SB,38.9511628,-95.2615991,46,
SHP_11_SB,38.9506914,-95.2615347,47,
SHP_11_SB,38.9502241,-95.2615937,48,
SHP_11_SB,38.9499613,-95.2608481,49,
SHP_11_SB,38.9499613,-95.2605637,50,
SHP_11_SB,38.9500197,-95.2558216,51,
SHP_11_SB,38.95007,-95.251294,52,
SHP_11_SB,38.949369,-95.251262,53,
SHP_11_SB,38.949002,-95.251031,54,
SHP_11_SB,38.948701,-95.250704,55,
SHP_11_SB,38.948497,-95.250607,56,
SHP_11_SB,38.946432,-95.250468,57,
SHP_11_SB,38.942764,-95.250404,58,
SHP_11_SB,38.942068,-95.250425,59,
SHP_11_SB,38.941338,-95.250709,60,
SHP_11_SB,38.940966,-95.251015,61,
SHP_11_SB,38.940874,-95.251257,62,
SHP_11_SB,38.940833,-95.253831,63,
SHP_11_SB,38.940895,-95.254588,64,
SHP_11_SB,38.940724,-95.255344,65,
SHP_11_SB,38.941054,-95.255677,66,
SHP_11_SB,38.940728,-95.256444,67,
SHP_11_SB,38.94034,-95.258107,68,
SHP_11_SB,38.93752,-95.258182,69,
SHP_11_SB,38.935884,-95.257823,70,
SHP_11_SB,38.934428,-95.257817,71,
SHP_11_SB,38.934403,-95.259716,72,
SHP_11_SB,38.934465,-95.25985,73,
SHP_11_SB,38.934461,-95.260634,74,
SHP_11_SB,38.931048,-95.260639,75,
SHP_11_SB,38.92806,-95.260676,76,
SHP_11_SB,38.928152,-95.258391,77,
SHP_11_NB,38.928152,-95.258391,1,
SHP_11_NB,38.928118,-95.255038,2,
SHP_11_NB,38.924638,-95.255049,3,
SHP_11_NB,38.924458,-95.255371,4,
SHP_11_NB,38.924538,-95.260451,5,
SHP_11_NB,38.924521,-95.26176,6,
SHP_11_NB,38.925335,-95.261755,7,
SHP_11_NB,38.925731,-95.261519,8,
SHP_11_NB,38.926303,-95.261486,9,
SHP_11_NB,38.926599,-95.261696,10,
SHP_11_NB,38.926716,-95.262602,11,
SHP_11_NB,38.928131,-95.262559,12,
SHP_11_NB,38.928139,-95.267017,13,
SHP_11_NB,38.927601,-95.267028,14,
SHP_11_NB,38.927359,-95.266894,15,
SHP_11_NB,38.927213,-95.266728,16,
SHP_11_NB,38.927129,-95.266722,17,
SHP_11_NB,38.927071,-95.266658,18,
SHP_11_NB,38.927083,-95.26655,19,
SHP_11_NB,38.927163,-95.26647,20,
SHP_11_NB,38.92725,-95.266545,21,
SHP_11_NB,38.927221,-95.266728,22,
SHP_11_NB,38.927384,-95.266921,23,
SHP_11_NB,38.927517,-95.267012,24,
SHP_11_NB,38.928118,-95.267012,25,
SHP_11_NB,38.928135,-95.262431,26,
SHP_11_NB,38.92806,-95.260676,27,
SHP_11_NB,38.931048,-95.260639,28,
SHP_11_NB,38.934461,-95.260634,29,
SHP_11_NB,38.934465,-95.25985,30,
SHP_11_NB,38.934403,-95.259716,31,
SHP_11_NB,38.934428,-95.257817,32,
SHP_11_NB,38.935884,-95.257823,33,
SHP_11_NB,38.93752,-95.258182,34,
SHP_11_NB,38.94034,-95.258107,35,
SHP_11_NB,38.940728,-95.256444,36,
SHP_11_NB,38.941054,-95.255677,37,
SHP_11_NB,38.940724,-95.255344,38,
SHP_11_NB,38.940895,-95.254588,39,
SHP_11_NB,38.940833,-95.253831,40,
SHP_11_NB,38.940874,-95.251257,41,
SHP_11_NB,38.940966,-95.251015,42,
SHP_11_NB,38.941338,-95.250709,43,
SHP_11_NB,38.942068,-95.250425,44,
SHP_11_NB,38.942764,-95.250404,45,
SHP_11_NB,38.946432,-95.250468,46,
SHP_11_NB,38.948497,-95.250607,47,
SHP_11_NB,38.948701,-95.250704,48,
SHP_11_NB,38.949002,-95.251031,49,
SHP_11_NB,38.949369,-95.251262,50,
SHP_11_NB,38.95007,-95.251294,51,
SHP_11_NB,38.9500197,-95.2558216,52,
SHP_11_NB,38.9499613,-95.2605637,53,
SHP_11_NB,38.9499613,-95.2608481,54,
SHP_11_NB,38.9502241,-95.2615937,55,
SHP_11_NB,38.9506914,-95.2615347,56,
SHP_11_NB,38.9511628,-95.2615991,57,
SHP_11_NB,38.9514548,-95.2617493,58,
SHP_11_NB,38.9517594,-95.2621892,59,
SHP_11_NB,38.952139,-95.2626237,60,
SHP_11_NB,38.9525562,-95.2628436,61,
SHP_11_NB,38.9528983,-95.262849,62,
SHP_11_NB,38.9534239,-95.2629187,63,
SHP_11_NB,38.9535741,-95.2621248,64,
SHP_11_NB,38.9536283,-95.2609714,65,
SHP_11_NB,38.953645,-95.2604135,66,
SHP_11_NB,38.9534739,-95.2594104,67,
SHP_11_NB,38.9534489,-95.2590671,68,
SHP_11_NB,38.9535031,-95.2588096,69,
SHP_11_NB,38.9536492,-95.258595,70,
SHP_11_NB,38.9554179,-95.2568569,71,
SHP_11_NB,38.9555973,-95.2565672,72,
SHP_11_NB,38.9556974,-95.2563044,73,
SHP_11_NB,38.9557892,-95.255827,74,
SHP_11_NB,38.9558267,-95.2546843,75,
SHP_11_NB,38.955969,-95.252099,76,
SHP_11_NB,38.957049,-95.252115,77,
SHP_11_NB,38.958839,-95.252152,78,
SHP_11_NB,38.958843,-95.251825,79,
SHP_11_NB,38.9589332,-95.2511769,80,
SHP_11_NB,38.9589499,-95.2509731,81,
SHP_11_NB,38.958969,-95.250812,82,
SHP_11_NB,38.957351,-95.245909,83,
SHP_11_NB,38.957292,-95.245115,84,
SHP_11_NB,38.957459,-95.244375,85,
SHP_11_NB,38.957801,-95.243688,86,
SHP_11_NB,38.958143,-95.243399,87,
SHP_11_NB,38.95997609,-95.24279684,88,
SHP_11_NB,38.961831,-95.242487,89,
SHP_11_NB,38.961854,-95.241756,90,
SHP_11_NB,38.963773,-95.241772,91,
SHP_11_NB,38.963781,-95.235909,92,
SHP_11_NB,38.96379,-95.233559,93,
SHP_11_NB,38.96376352,-95.23237109,94,
SHP_11_NB,38.967531,-95.232395,95,
SHP_11_NB,38.967525,-95.237112,96,
SHP_11_NB,38.970942,-95.237056,97,
SHP_15_NB,38.944683,-95.181634,1,
SHP_15_NB,38.944416,-95.181794,2,
SHP_15_NB,38.94417,-95.182037,3,
SHP_15_NB,38.943973,-95.182345,4,
SHP_15_NB,38.943836,-95.182702,5,
SHP_15_NB,38.943762,-95.18312,6,
SHP_15_NB,38.943769,-95.183548,7,
SHP_15_NB,38.943839,-95.183905,8,
SHP_15_NB,38.943907,-95.184101,9,
SHP_15_NB,38.944342,-95.185185,10,
SHP_15_NB,38.94443,-95.185452,11,
SHP_15_NB,38.944483,-95.185713,12,
SHP_15_NB,38.944509,-95.186049,13,
SHP_15_NB,38.944514,-95.187438,14,
SHP_15_NB,38.94454,-95.18796,15,
SHP_15_NB,38.94454,-95.18796,16,
SHP_15_NB,38.945108,-95.189005,17,
SHP_15_NB,38.944708,-95.189927,18,
SHP_15_NB,38.944616,-95.190839,19,
SHP_15_NB,38.9448,-95.191826,20,
SHP_15_NB,38.945513,-95.196633,21,
SHP_15_NB,38.945588,-95.204369,22,
SHP_15_NB,38.94331,-95.204926,23,
SHP_15_NB,38.942484,-95.204894,24,
SHP_15_NB,38.941136,-95.204905,25,
SHP_15_NB,38.942794,-95.204939,26,
SHP_15_NB,38.942805,-95.20699,27,
SHP_15_NB,38.942796,-95.209387,28,
SHP_15_NB,38.942728,-95.211359,29,
SHP_15_NB,38.942681,-95.216516,30,
SHP_15_NB,38.942706,-95.223414,31,
SHP_15_NB,38.93857,-95.223412,32,
SHP_15_NB,38.935311,-95.223423,33,
SHP_15_NB,38.932127,-95.223444,34,
SHP_15_NB,38.931301,-95.223101,35,
SHP_15_NB,38.931552,-95.220762,36,
SHP_15_NB,38.930951,-95.220762,37,
SHP_15_NB,38.931552,-95.220762,38,
SHP_15_NB,38.931301,-95.223101,39,
SHP_15_NB,38.932127,-95.223444,40,
SHP_15_NB,38.935311,-95.223423,41,
SHP_15_NB,38.93857,-95.223412,42,
SHP_15_NB,38.942706,-95.223414,43,
SHP_15_NB,38.949951,-95.223451,44,
SHP_15_NB,38.94997,-95.225772,45,
SHP_15_NB,38.950021,-95.230589,46,
SHP_15_NB,38.950033,-95.231949,47,
SHP_15_NB,38.950131,-95.232772,48,
SHP_15_NB,38.950935,-95.232803,49,
SHP_15_NB,38.957035,-95.232855,50,
SHP_15_NB,38.957361,-95.232775,51,
SHP_15_NB,38.957761,-95.232443,52,
SHP_15_NB,38.957995,-95.232373,53,
SHP_15_NB,38.958178,-95.232373,54,
SHP_15_NB,38.963784,-95.232368,55,
SHP_15_NB,38.963793,-95.237077,56,
SHP_15_NB,38.970942,-95.237056,57,
SHP_15_SB,38.970942,-95.237056,1,
SHP_15_SB,38.97125,-95.237099,2,
SHP_15_SB,38.971254,-95.232405,3,
SHP_15_SB,38.963784,-95.232378,4,
SHP_15_SB,38.963793,-95.223527,5,
SHP_15_SB,38.960003,-95.223519,6,
SHP_15_SB,38.957001,-95.223541,7,
SHP_15_SB,38.949951,-95.223451,8,
SHP_15_SB,38.942706,-95.223414,9,
SHP_15_SB,38.93857,-95.223412,10,
SHP_15_SB,38.935311,-95.223423,11,
SHP_15_SB,38.932127,-95.223444,12,
SHP_15_SB,38.931301,-95.223101,13,
SHP_15_SB,38.931552,-95.220762,14,
SHP_15_SB,38.930951,-95.220762,15,
SHP_15_SB,38.931552,-95.220762,16,
SHP_15_SB,38.931301,-95.223101,17,
SHP_15_SB,38.932127,-95.223444,18,
SHP_15_SB,38.935311,-95.223423,19,
SHP_15_SB,38.93857,-95.223412,20,
SHP_15_SB,38.942706,-95.223414,21,
SHP_15_SB,38.942681,-95.216516,22,
SHP_15_SB,38.942728,-95.211359,23,
SHP_15_SB,38.942646,-95.209404,24,
SHP_15_SB,38.942581,-95.206988,25,
SHP_15_SB,38.942563,-95.204918,26,
SHP_15_SB,38.93925008,-95.20494819,27,
SHP_15_SB,38.939179,-95.199122,28,
SHP_15_SB,38.941478,-95.199165,29,
SHP_15_SB,38.941161,-95.204401,30,
SHP_15_SB,38.941136,-95.204905,31,
SHP_15_SB,38.942484,-95.204894,32,
SHP_15_SB,38.94331,-95.204926,33,
SHP_15_SB,38.945588,-95.204369,34,
SHP_15_SB,38.945513,-95.196633,35,
SHP_15_SB,38.9448,-95.191826,36,
SHP_15_SB,38.944616,-95.190839,37,
SHP_15_SB,38.944708,-95.189927,38,
SHP_15_SB,38.945108,-95.189005,39,
SHP_15_SB,38.945717,-95.189262,40,
SHP_15_SB,38.947253,-95.189048,41,
SHP_15_SB,38.947829,-95.188543,42,
SHP_15_SB,38.948308,-95.186709,43,
SHP_15_SB,38.947424,-95.182106,44,
SHP_15_SB,38.947377,-95.180608,45,
SHP_15_SB,38.946967,-95.180686,46,
SHP_15_SB,38.946531,-95.180825,47,
SHP_15_SB,38.944683,-95.181634,48,
SHP_15_SB_1ST,38.930951,-95.220762,1,
SHP_15_SB_1ST,38.931552,-95.220762,2,
SHP_15_SB_1ST,38.931301,-95.223101,3,
SHP_15_SB_1ST,38.932127,-95.223444,4,
SHP_15_SB_1ST,38.935311,-95.223423,5,
SHP_15_SB_1ST,38.93857,-95.223412,6,
SHP_15_SB_1ST,38.942706,-95.223414,7,
SHP_15_SB_1ST,38.942681,-95.216516,8,
SHP_15_SB_1ST,38.942728,-95.211359,9,
SHP_15_SB_1ST,38.942646,-95.209404,10,
SHP_15_SB_1ST,38.942581,-95.206988,11,
SHP_15_SB_1ST,38.942563,-95.204918,12,
SHP_15_SB_1ST,38.93925008,-95.20494819,13,
SHP_15_SB_1ST,38.939179,-95.199122,14,
SHP_15_SB_1ST,38.941478,-95.199165,15,
SHP_15_SB_1ST,38.941161,-95.204401,16,
SHP_15_SB_1ST,38.941136,-95.204905,17,
SHP_15_SB_1ST,38.942484,-95.204894,18,
SHP_15_SB_1ST,38.94331,-95.204926,19,
SHP_15_SB_1ST,38.945588,-95.204369,20,
SHP_15_SB_1ST,38.945513,-95.196633,21,
SHP_15_SB_1ST,38.9448,-95.191826,22,
SHP_15_SB_1ST,38.944616,-95.190839,23,
SHP_15_SB_1ST,38.944708,-95.189927,24,
SHP_15_SB_1ST,38.945108,-95.189005,25,
SHP_15_SB_1ST,38.945717,-95.189262,26,
SHP_15_SB_1ST,38.947253,-95.189048,27,
SHP_15_SB_1ST,38.947829,-95.188543,28,
SHP_15_SB_1ST,38.948308,-95.186709,29,
SHP_15_SB_1ST,38.947424,-95.182106,30,
SHP_15_SB_1ST,38.947377,-95.180608,31,
SHP_15_SB_1ST,38.946967,-95.180686,32,
SHP_15_SB_1ST,38.946531,-95.180825,33,
SHP_15_SB_1ST,38.944683,-95.181634,34,
SHP_27_NB,38.94010961,-95.23276627,1,
SHP_27_NB,38.94272987,-95.23272336,2,
SHP_27_NB,38.94278828,-95.23643553,3,
SHP_27_NB,38.94283,-95.24181068,4,
SHP_27_NB,38.93875772,-95.24183214,5,
SHP_27_NB,38.93874103,-95.24648845,6,
SHP_27_NB,38.9427549,-95.2465421,7,
SHP_27_NB,38.94283835,-95.24178922,8,
SHP_27_NB,38.94649319,-95.24179995,9,
SHP_27_NB,38.95008944,-95.24179995,10,
SHP_27_NB,38.95008109,-95.24658501,11,
SHP_27_NB,38.95003937,-95.25112331,12,
SHP_27_NB,38.95526237,-95.25111258,13,
SHP_27_NB,38.95527906,-95.24420321,14,
SHP_27_NB,38.95586308,-95.24463236,15,
SHP_27_NB,38.95670572,-95.24582326,16,
SHP_27_NB,38.95688092,-95.24594128,17,
SHP_27_NB,38.95736481,-95.24588764,18,
SHP_27_NB,38.95852447,-95.24936378,19,
SHP_27_SB,38.95852447,-95.24936378,1,
SHP_27_SB,38.95898332,-95.25065124,2,
SHP_27_SB,38.95916686,-95.25090873,3,
SHP_27_SB,38.9591168,-95.25113404,4,
SHP_27_SB,38.95890823,-95.25111258,5,
SHP_27_SB,38.95886652,-95.25212109,6,
SHP_27_SB,38.95703944,-95.25209963,7,
SHP_27_SB,38.95590479,-95.2520889,8,
SHP_27_SB,38.95572959,-95.25199235,9,
SHP_27_SB,38.95554604,-95.25184214,10,
SHP_27_SB,38.95539586,-95.25159538,11,
SHP_27_SB,38.9552874,-95.25128424,12,
SHP_27_SB,38.95003103,-95.2513057,13,
SHP_27_SB,38.95007275,-95.24696052,14,
SHP_27_SB,38.95008109,-95.24177849,15,
SHP_27_SB,38.9464765,-95.24181068,16,
SHP_27_SB,38.94282166,-95.24178922,17,
SHP_27_SB,38.93875772,-95.24181068,18,
SHP_27_SB,38.93874103,-95.24648845,19,
SHP_27_SB,38.9427549,-95.24653137,20,
SHP_27_SB,38.94281331,-95.24179995,21,
SHP_27_SB,38.94279662,-95.23593128,22,
SHP_27_SB,38.94011795,-95.23587763,23,
SHP_27_SB,38.94009292,-95.232777,24,
SHP_29_EB,38.93532781,-95.30376971,1,
SHP_29_EB,38.93536119,-95.29780448,2,
SHP_29_EB,38.93732235,-95.29782593,3,
SHP_29_EB,38.94084396,-95.29776156,4,
SHP_29_EB,38.93745587,-95.29771864,5,
SHP_29_EB,38.94100251,-95.29764354,6,
SHP_29_EB,38.94101086,-95.29613078,7,
SHP_29_EB,38.94069375,-95.29503644,8,
SHP_29_EB,38.94071044,-95.29112041,9,
SHP_29_EB,38.9408523,-95.29060543,10,
SHP_29_EB,38.94126954,-95.28956473,11,
SHP_29_EB,38.94127789,-95.28879225,12,
SHP_29_EB,38.9411861,-95.28864205,13,
SHP_29_EB,38.94121113,-95.28847039,14,
SHP_29_EB,38.94129458,-95.28844893,15,
SHP_29_EB,38.94141975,-95.28853476,16,
SHP_29_EB,38.942253,-95.288508,17,
SHP_29_EB,38.942244,-95.287816,18,
SHP_29_EB,38.942428,-95.286936,19,
SHP_29_EB,38.942424,-95.285343,20,
SHP_29_EB,38.94224,-95.284452,21,
SHP_29_EB,38.942232,-95.283808,22,
SHP_29_EB,38.942604,-95.283803,23,
SHP_29_EB,38.94258801,-95.27946889,24,
SHP_29_EB,38.9426047,-95.2697593,25,
SHP_29_EB,38.94263808,-95.26051104,26,
SHP_29_EB,38.94631796,-95.26051104,27,
SHP_29_EB,38.94994759,-95.26051104,28,
SHP_29_EB,38.95683087,-95.26046813,29,
SHP_29_EB,38.9570444,-95.2574568,30,
SHP_29_EB,38.9570569,-95.2546459,31,
SHP_29_EB,38.9570527,-95.2521085,32,
SHP_29_EB,38.9588381,-95.2521353,33,
SHP_29_EB,38.958934,-95.2511429,34,
SHP_29_EB,38.9589841,-95.2508211,35,
SHP_29_EB,38.9573489,-95.245918,36,
SHP_29_EB,38.9578411,-95.2436918,37,
SHP_29_EB,38.9581331,-95.2434235,38,
SHP_29_EB,38.9599685,-95.2429085,39,
SHP_29_EB,38.9599477,-95.2417659,40,
SHP_29_EB,38.9618623,-95.2417498,41,
SHP_29_EB,38.9637726,-95.2417659,42,
SHP_29_EB,38.9637768,-95.2421307,43,
SHP_29_EB,38.9637852,-95.2429461,44,
SHP_29_EB,38.9618748,-95.2429676,45,
SHP_29_EB,38.9618623,-95.242474,46,
SHP_29_EB,38.9599769,-95.2429246,47,
SHP_29_WB,38.9581373,-95.2434182,1,
SHP_29_WB,38.9578411,-95.2437025,2,
SHP_29_WB,38.9573531,-95.2459126,3,
SHP_29_WB,38.9589799,-95.2508157,4,
SHP_29_WB,38.959201,-95.2511376,5,
SHP_29_WB,38.9589382,-95.2511698,6,
SHP_29_WB,38.9588339,-95.2521568,7,
SHP_29_WB,38.9576826,-95.2521246,8,
SHP_29_WB,38.9571737,-95.252248,9,
SHP_29_WB,38.9570945,-95.2525162,10,
SHP_29_WB,38.9570444,-95.2574461,11,
SHP_29_WB,38.9569735,-95.2603965,12,
SHP_29_WB,38.94994759,-95.26052177,13,
SHP_29_WB,38.94632631,-95.26050031,14,
SHP_29_WB,38.94338074,-95.26052177,15,
SHP_29_WB,38.94308868,-95.26063979,16,
SHP_29_WB,38.94287173,-95.26087582,17,
SHP_29_WB,38.94279662,-95.26115477,18,
SHP_29_WB,38.94273821,-95.26158392,19,
SHP_29_WB,38.94274656,-95.26517808,20,
SHP_29_WB,38.94274656,-95.26977003,21,
SHP_29_WB,38.94272152,-95.27937233,22,
SHP_29_WB,38.94269649,-95.28849185,23,
SHP_29_WB,38.94269649,-95.29786885,24,
SHP_29_WB,38.9426798,-95.30723512,25,
SHP_29_WB,38.93976747,-95.30722439,26,
SHP_29_WB,38.93772292,-95.30726731,27,
SHP_29_WB,38.9369635,-95.30721366,28,
SHP_29_WB,38.93561155,-95.30591548,29,
SHP_29_WB,38.93533615,-95.3052932,30,
SHP_29_WB,38.93532781,-95.30376971,31,
SHP_30_EB,38.9592177,-95.2768707,1,
SHP_30_EB,38.9593345,-95.277509,2,
SHP_30_EB,38.9593887,-95.2790701,3,
SHP_30_EB,38.9569359,-95.2791398,4,
SHP_30_EB,38.9569401,-95.2746284,5,
SHP_30_EB,38.9569568,-95.2721178,6,
SHP_30_EB,38.9569443,-95.2672576,7,
SHP_30_EB,38.9569651,-95.2628695,8,
SHP_30_EB,38.9568358,-95.2605628,9,
SHP_30_EB,38.9570444,-95.2574568,10,
SHP_30_EB,38.9570569,-95.2546459,11,
SHP_30_EB,38.9570527,-95.2521085,12,
SHP_30_EB,38.9588381,-95.2521353,13,
SHP_30_EB,38.958934,-95.2511429,14,
SHP_30_EB,38.9589841,-95.2508211,15,
SHP_30_EB,38.9573489,-95.245918,16,
SHP_30_EB,38.9578411,-95.2436918,17,
SHP_30_EB,38.9581331,-95.2434235,18,
SHP_30_EB,38.9599685,-95.2429085,19,
SHP_30_EB,38.9599477,-95.2417659,20,
SHP_30_EB,38.9618623,-95.2417498,21,
SHP_30_EB,38.9637726,-95.2417659,22,
SHP_30_EB,38.9637768,-95.2421307,23,
SHP_30_EB,38.9637852,-95.2429461,24,
SHP_30_EB,38.9618748,-95.2429676,25,
SHP_30_EB,38.9618623,-95.242474,26,
SHP_30_EB,38.9599769,-95.2429246,27,
SHP_30_WB,38.9581373,-95.2434182,1,
SHP_30_WB,38.9578411,-95.2437025,2,
SHP_30_WB,38.9573531,-95.2459126,3,
SHP_30_WB,38.9589799,-95.2508157,4,
SHP_30_WB,38.959201,-95.2511376,5,
SHP_30_WB,38.9589382,-95.2511698,6,
SHP_30_WB,38.9588339,-95.2521568,7,
SHP_30_WB,38.9576826,-95.2521246,8,
SHP_30_WB,38.9571737,-95.252248,9,
SHP_30_WB,38.9570945,-95.2525162,10,
SHP_30_WB,38.9570444,-95.2574461,11,
SHP_30_WB,38.9569735,-95.2603965,12,
SHP_30_WB,38.9570903,-95.2637493,13,
SHP_30_WB,38.9570778,-95.267086,14,
SHP_30_WB,38.9570986,-95.2689957,15,
SHP_30_WB,38.9573823,-95.2689474,16,
SHP_30_WB,38.9586546,-95.2683359,17,
SHP_30_WB,38.9594012,-95.2685022,18,
SHP_30_WB,38.9603064,-95.2671664,19,
SHP_30_WB,38.9603857,-95.2662545,20,
SHP_30_WB,38.9592177,-95.2664422,21,
SHP_30_WB,38.9570778,-95.2672576,22,
SHP_30_WB,38.9570694,-95.2721017,23,
SHP_30_WB,38.9570527,-95.276919,24,
SHP_30_WB,38.9592177,-95.2768707,25,
SHP_30_WB_1ST,38.9586546,-95.2683359,1,
SHP_30_WB_1ST,38.9594012,-95.2685022,2,
SHP_30_WB_1ST,38.9603064,-95.2671664,3,
SHP_30_WB_1ST,38.9603857,-95.2662545,4,
SHP_30_WB_1ST,38.9592177,-95.2664422,5,
SHP_30_WB_1ST,38.9570778,-95.2672576,6,
SHP_30_WB_1ST,38.9570694,-95.2721017,7,
SHP_30_WB_1ST,38.9570527,-95.276919,8,
SHP_30_WB_1ST,38.9592177,-95.2768707,9,
SHP_36_EB,38.9715671,-95.2780723,1,
SHP_36_EB,38.9706913,-95.2780777,2,
SHP_36_EB,38.9702992,-95.2773481,3,
SHP_36_EB,38.9707955,-95.2768009,4,
SHP_36_EB,38.9714795,-95.2767688,5,
SHP_36_EB,38.9715004,-95.2736091,6,
SHP_36_EB,38.9715004,-95.2702456,7,
SHP_36_EB,38.971492,-95.2672898,8,
SHP_36_EB,38.9716922,-95.2650099,9,
SHP_36_EB,38.9679344,-95.265069,10,
SHP_36_EB,38.9679344,-95.2604931,11,
SHP_36_EB,38.9674923,-95.2570438,12,
SHP_36_EB,38.9674923,-95.2511698,13,
SHP_36_EB,38.9647645,-95.2531385,14,
SHP_36_EB,38.9631462,-95.2535301,15,
SHP_36_EB,38.9615611,-95.2540236,16,
SHP_36_EB,38.9615528,-95.251159,17,
SHP_36_EB,38.9589299,-95.2511483,18,
SHP_36_EB,38.9589758,-95.2508264,19,
SHP_36_EB,38.9573531,-95.2459073,20,
SHP_36_EB,38.9578328,-95.2436971,21,
SHP_36_EB,38.9581331,-95.2434182,22,
SHP_36_EB,38.9599727,-95.2429085,23,
SHP_36_EB,38.9599518,-95.2417713,24,
SHP_36_EB,38.9618581,-95.2417498,25,
SHP_36_EB,38.9637643,-95.2417767,26,
SHP_36_EB,38.9637852,-95.2429461,27,
SHP_36_EB,38.9656329,-95.2429193,28,
SHP_36_EB,38.9656204,-95.247581,29,
SHP_36_EB,38.9675182,-95.2475434,30,
SHP_36_EB,38.9712176,-95.247581,31,
SHP_36_EB,38.9712426,-95.2510946,32,
SHP_36_EB,38.9715262,-95.252248,33,
SHP_36_EB,38.9715513,-95.2593505,34,
SHP_36_EB,38.9730068,-95.2593451,35,
SHP_36_EB,38.9731027,-95.2546352,36,
SHP_36_EB,38.9731236,-95.2511054,37,
SHP_36_EB,38.9769353,-95.2511268,38,
SHP_36_EB,38.980505,-95.2511322,39,
SHP_36_EB,38.9838785,-95.2511698,40,
SHP_36_EB,38.9838744,-95.2499359,41,
SHP_36_EB,38.9837409,-95.24948,42,
SHP_36_WB,38.9837409,-95.24948,1,
SHP_36_WB,38.983866,-95.2498501,2,
SHP_36_WB,38.9838744,-95.2511698,3,
SHP_36_WB,38.9805092,-95.2511268,4,
SHP_36_WB,38.9788161,-95.2511215,5,
SHP_36_WB,38.9750378,-95.2511161,6,
SHP_36_WB,38.9732237,-95.2511161,7,
SHP_36_WB,38.9732195,-95.2534925,8,
SHP_36_WB,38.9732237,-95.2558261,9,
SHP_36_WB,38.9731111,-95.2593559,10,
SHP_36_WB,38.9715554,-95.2593559,11,
SHP_36_WB,38.9715763,-95.2545922,12,
SHP_36_WB,38.9715304,-95.252248,13,
SHP_36_WB,38.9712635,-95.2514165,14,
SHP_36_WB,38.971251,-95.2510946,15,
SHP_36_WB,38.9712343,-95.250585,16,
SHP_36_WB,38.9712176,-95.247597,17,
SHP_36_WB,38.9693533,-95.2476078,18,
SHP_36_WB,38.9656162,-95.2475756,19,
SHP_36_WB,38.9656037,-95.2452099,20,
SHP_36_WB,38.9656288,-95.2429139,21,
SHP_36_WB,38.9637977,-95.2429407,22,
SHP_36_WB,38.9618706,-95.2429568,23,
SHP_36_WB,38.9618581,-95.242474,24,
SHP_36_WB,38.9599685,-95.2429085,25,
SHP_36_WB,38.9581373,-95.2434182,26,
SHP_36_WB,38.9578286,-95.2436918,27,
SHP_36_WB,38.957303,-95.245006,28,
SHP_36_WB,38.9573573,-95.2459126,29,
SHP_36_WB,38.9584869,-95.2494424,30,
SHP_36_WB,38.9589874,-95.2508318,31,
SHP_36_WB,38.9591918,-95.2511322,32,
SHP_36_WB,38.9615486,-95.2511644,33,
SHP_36_WB,38.9615653,-95.2540183,34,
SHP_36_WB,38.9631378,-95.2535408,35,
SHP_36_WB,38.9647604,-95.2531278,36,
SHP_36_WB,38.9674965,-95.2511644,37,
SHP_36_WB,38.9674881,-95.2554237,38,
SHP_36_WB,38.9674923,-95.2591359,39,
SHP_36_WB,38.9679428,-95.2603536,40,
SHP_36_WB,38.9679344,-95.2650636,41,
SHP_36_WB,38.9717965,-95.2650099,42,
SHP_36_WB,38.9715963,-95.2672737,43,
SHP_36_WB,38.9716088,-95.2702617,44,
SHP_36_WB,38.9716005,-95.2735662,45,
SHP_36_WB,38.971588,-95.278083,46,
SHP_38_NB,38.9395179,-95.2647256,1,
SHP_38_NB,38.93945,-95.263653,2,
SHP_38_NB,38.939267,-95.263438,3,
SHP_38_NB,38.938633,-95.263438,4,
SHP_38_NB,38.9386417,-95.2606272,5,
SHP_38_NB,38.94258801,-95.26048422,6,
SHP_38_NB,38.94269899,-95.255844,7,
SHP_38_NB,38.94455147,-95.25585473,8,
SHP_38_NB,38.9463354,-95.2558743,9,
SHP_38_NB,38.9462937,-95.2582347,10,
SHP_38_NB,38.9463271,-95.2587604,11,
SHP_38_NB,38.9467526,-95.2587604,12,
SHP_38_NB,38.9474786,-95.2591681,13,
SHP_38_NB,38.948872,-95.2591681,14,
SHP_38_NB,38.9494477,-95.2587497,15,
SHP_38_NB,38.9499484,-95.2587389,16,
SHP_38_NB,38.9500068,-95.2558207,17,
SHP_38_NB,38.9500568,-95.2511215,18,
SHP_38_NB,38.9552465,-95.2511215,19,
SHP_38_NB,38.9553216,-95.2514219,20,
SHP_38_NB,38.9553966,-95.251615,21,
SHP_38_NB,38.9555552,-95.2518296,22,
SHP_38_NB,38.9557053,-95.251969,23,
SHP_38_NB,38.9559473,-95.2520656,24,
SHP_38_NB,38.9570486,-95.2521085,25,
SHP_38_NB,38.9587922,-95.2521407,26,
SHP_38_NB,38.9588923,-95.2511215,27,
SHP_38_NB,38.958934,-95.2508211,28,
SHP_38_NB,38.9573322,-95.245918,29,
SHP_38_NB,38.9572905,-95.2455639,30,
SHP_38_NB,38.9572822,-95.2452528,31,
SHP_38_NB,38.9572989,-95.2449524,32,
SHP_38_NB,38.9574157,-95.2444911,33,
SHP_38_NB,38.9574991,-95.2442228,34,
SHP_38_NB,38.9576743,-95.2439439,35,
SHP_38_NB,38.9578245,-95.2437078,36,
SHP_38_NB,38.9581331,-95.2434289,37,
SHP_38_NB,38.9583167,-95.2433001,38,
SHP_38_NB,38.9599435,-95.2429246,39,
SHP_38_NB,38.9599518,-95.2417981,40,
SHP_38_NB,38.9618539,-95.2417767,41,
SHP_38_NB,38.963756,-95.2417874,42,
SHP_38_NB,38.963872,-95.242249,43,
SHP_38_NB,38.963847,-95.242903,44,
SHP_38_NB,38.961879,-95.2429515,45,
SHP_38_NB,38.9618623,-95.2424794,46,
SHP_38_NB,38.9599769,-95.2429246,47,
SHP_38_SB,38.9599769,-95.2429246,1,
SHP_38_SB,38.9583417,-95.2433109,2,
SHP_38_SB,38.9581373,-95.2434182,3,
SHP_38_SB,38.9579746,-95.2435308,4,
SHP_38_SB,38.9578203,-95.2436864,5,
SHP_38_SB,38.9576951,-95.2439171,6,
SHP_38_SB,38.9575366,-95.2441906,7,
SHP_38_SB,38.9574198,-95.2444857,8,
SHP_38_SB,38.9573364,-95.2448558,9,
SHP_38_SB,38.957303,-95.2450489,10,
SHP_38_SB,38.9572822,-95.2453279,11,
SHP_38_SB,38.9573573,-95.2458912,12,
SHP_38_SB,38.958934,-95.2508211,13,
SHP_38_SB,38.9588923,-95.2511215,14,
SHP_38_SB,38.9587922,-95.2521407,15,
SHP_38_SB,38.9570486,-95.2521085,16,
SHP_38_SB,38.9559473,-95.2520656,17,
SHP_38_SB,38.9557053,-95.251969,18,
SHP_38_SB,38.9555552,-95.2518296,19,
SHP_38_SB,38.9553966,-95.251615,20,
SHP_38_SB,38.9553216,-95.2514219,21,
SHP_38_SB,38.9552465,-95.2511215,22,
SHP_38_SB,38.9500568,-95.2511215,23,
SHP_38_SB,38.9500068,-95.2558207,24,
SHP_38_SB,38.9499943,-95.2569848,25,
SHP_38_SB,38.9502988,-95.2569311,26,
SHP_38_SB,38.9503113,-95.2572637,27,
SHP_38_SB,38.9499984,-95.257371,28,
SHP_38_SB,38.9499484,-95.2587389,29,
SHP_38_SB,38.9494477,-95.2587497,30,
SHP_38_SB,38.948872,-95.2591681,31,
SHP_38_SB,38.9474786,-95.2591681,32,
SHP_38_SB,38.9467526,-95.2587604,33,
SHP_38_SB,38.9463271,-95.2587604,34,
SHP_38_SB,38.9463429,-95.2558851,35,
SHP_38_SB,38.94455147,-95.25585473,36,
SHP_38_SB,38.94269899,-95.255844,37,
SHP_38_SB,38.94258801,-95.26048422,38,
SHP_38_SB,38.94265477,-95.26520491,39,
SHP_38_SB,38.93956301,-95.26518792,40,
SHP_38_SB,38.939484,-95.264704,41,
SHP_41_LOOP,38.947081,-95.266684,1,
SHP_41_LOOP,38.946627,-95.266496,2,
SHP_41_LOOP,38.946209,-95.266126,3,
SHP_41_LOOP,38.945867,-95.2656,4,
SHP_41_LOOP,38.945634,-95.26479,5,
SHP_41_LOOP,38.9456,-95.263159,6,
SHP_41_LOOP,38.945721,-95.262462,7,
SHP_41_LOOP,38.946481,-95.261695,8,
SHP_41_LOOP,38.947094,-95.261335,9,
SHP_41_LOOP,38.947357,-95.261351,10,
SHP_41_LOOP,38.947728,-95.261695,11,
SHP_41_LOOP,38.948124,-95.262542,12,
SHP_41_LOOP,38.948404,-95.262773,13,
SHP_41_LOOP,38.948617,-95.262821,14,
SHP_41_LOOP,38.949113,-95.26266,15,
SHP_41_LOOP,38.949547,-95.262301,16,
SHP_41_LOOP,38.949931,-95.261888,17,
SHP_41_LOOP,38.95034,-95.26163,18,
SHP_41_LOOP,38.950966,-95.261555,19,
SHP_41_LOOP,38.951474,-95.26185,20,
SHP_41_LOOP,38.951867,-95.262355,21,
SHP_41_LOOP,38.952451,-95.262875,22,
SHP_41_LOOP,38.952309,-95.263224,23,
SHP_41_LOOP,38.952109,-95.263175,24,
SHP_41_LOOP,38.952038,-95.262854,25,
SHP_41_LOOP,38.9521,-95.262644,26,
SHP_41_LOOP,38.952451,-95.262875,27,
SHP_41_LOOP,38.953439,-95.262966,28,
SHP_41_LOOP,38.953594,-95.262226,29,
SHP_41_LOOP,38.953569,-95.259951,30,
SHP_41_LOOP,38.953485,-95.259565,31,
SHP_41_LOOP,38.953427,-95.259163,32,
SHP_41_LOOP,38.953531,-95.258819,33,
SHP_41_LOOP,38.955275,-95.25713,34,
SHP_41_LOOP,38.9556,-95.256636,35,
SHP_41_LOOP,38.955771,-95.256207,36,
SHP_41_LOOP,38.955855,-95.25478,37,
SHP_41_LOOP,38.955959,-95.25221,38,
SHP_41_LOOP,38.955542,-95.251953,39,
SHP_41_LOOP,38.955346,-95.251486,40,
SHP_41_LOOP,38.955267,-95.249298,41,
SHP_41_LOOP,38.955254,-95.245591,42,
SHP_41_LOOP,38.95525,-95.244432,43,
SHP_41_LOOP,38.955275,-95.244255,44,
SHP_41_LOOP,38.955692,-95.244566,45,
SHP_41_LOOP,38.956072,-95.245038,46,
SHP_41_LOOP,38.956672,-95.245934,47,
SHP_41_LOOP,38.956802,-95.246041,48,
SHP_41_LOOP,38.957227,-95.245972,49,
SHP_41_LOOP,38.957369,-95.245999,50,
SHP_41_LOOP,38.957477,-95.246454,51,
SHP_41_LOOP,38.958007,-95.248037,52,
SHP_41_LOOP,38.958491,-95.249394,53,
SHP_41_LOOP,38.958904,-95.250607,54,
SHP_41_LOOP,38.959063,-95.250853,55,
SHP_41_LOOP,38.959163,-95.251063,56,
SHP_41_LOOP,38.959088,-95.251218,57,
SHP_41_LOOP,38.958946,-95.251272,58,
SHP_41_LOOP,38.958879,-95.252033,59,
SHP_41_LOOP,38.958862,-95.252216,60,
SHP_41_LOOP,38.958879,-95.252033,61,
SHP_41_LOOP,38.958862,-95.252216,62,
SHP_41_LOOP,38.958704,-95.252221,63,
SHP_41_LOOP,38.957653,-95.25221,64,
SHP_41_LOOP,38.957202,-95.252291,65,
SHP_41_LOOP,38.957098,-95.252452,66,
SHP_41_LOOP,38.957115,-95.252827,67,
SHP_41_LOOP,38.95711,-95.253643,68,
SHP_41_LOOP,38.957064,-95.254732,69,
SHP_41_LOOP,38.955884,-95.254775,70,
SHP_41_LOOP,38.955838,-95.256132,71,
SHP_41_LOOP,38.955667,-95.256636,72,
SHP_41_LOOP,38.955287,-95.257205,73,
SHP_41_LOOP,38.953544,-95.258905,74,
SHP_41_LOOP,38.953485,-95.259066,75,
SHP_41_LOOP,38.953464,-95.259233,76,
SHP_41_LOOP,38.953619,-95.259967,77,
SHP_41_LOOP,38.953635,-95.26221,78,
SHP_41_LOOP,38.953469,-95.262977,79,
SHP_41_LOOP,38.953064,-95.263004,80,
SHP_41_LOOP,38.952442,-95.262934,81,
SHP_41_LOOP,38.952309,-95.263224,82,
SHP_41_LOOP,38.952109,-95.263175,83,
SHP_41_LOOP,38.952038,-95.262854,84,
SHP_41_LOOP,38.952029,-95.262639,85,
SHP_41_LOOP,38.951796,-95.262355,86,
SHP_41_LOOP,38.951525,-95.261936,87,
SHP_41_LOOP,38.950878,-95.261609,88,
SHP_41_LOOP,38.950465,-95.261636,89,
SHP_41_LOOP,38.950215,-95.261727,90,
SHP_41_LOOP,38.949902,-95.261984,91,
SHP_41_LOOP,38.949447,-95.262489,92,
SHP_41_LOOP,38.948746,-95.26287,93,
SHP_41_LOOP,38.948905,-95.26428,94,
SHP_41_LOOP,38.94885,-95.265128,95,
SHP_41_LOOP,38.948508,-95.265933,96,
SHP_41_LOOP,38.948049,-95.26641,97,
SHP_41_LOOP,38.947599,-95.266625,98,
SHP_41_LOOP,38.947081,-95.266684,99,
SHP_41_IB,38.947081,-95.266684,1,
SHP_41_IB,38.946627,-95.266496,2,
SHP_41_IB,38.946209,-95.266126,3,
SHP_41_IB,38.945867,-95.2656,4,
SHP_41_IB,38.945634,-95.26479,5,
SHP_41_IB,38.9456,-95.263159,6,
SHP_41_IB,38.945721,-95.262462,7,
SHP_41_IB,38.946481,-95.261695,8,
SHP_41_IB,38.947094,-95.261335,9,
SHP_41_IB,38.947357,-95.261351,10,
SHP_41_IB,38.947728,-95.261695,11,
SHP_41_IB,38.948124,-95.262542,12,
SHP_41_IB,38.948404,-95.262773,13,
SHP_41_IB,38.948617,-95.262821,14,
SHP_41_IB,38.949113,-95.26266,15,
SHP_41_IB,38.949547,-95.262301,16,
SHP_41_IB,38.949931,-95.261888,17,
SHP_41_IB,38.95034,-95.26163,18,
SHP_41_IB,38.950966,-95.261555,19,
SHP_41_IB,38.951474,-95.26185,20,
SHP_41_IB,38.951867,-95.262355,21,
SHP_41_IB,38.952451,-95.262875,22,
SHP_41_IB,38.952309,-95.263224,23,
SHP_41_IB,38.952109,-95.263175,24,
SHP_41_IB,38.952038,-95.262854,25,
SHP_41_IB,38.9521,-95.262644,26,
SHP_41_IB,38.952451,-95.262875,27,
SHP_41_IB,38.953439,-95.262966,28,
SHP_41_IB,38.953594,-95.262226,29,
SHP_41_IB,38.953569,-95.259951,30,
SHP_41_IB,38.953485,-95.259565,31,
SHP_41_IB,38.953427,-95.259163,32,
SHP_41_IB,38.953531,-95.258819,33,
SHP_41_IB,38.955275,-95.25713,34,
SHP_41_IB,38.9556,-95.256636,35,
SHP_41_IB,38.955771,-95.256207,36,
SHP_41_IB,38.955855,-95.25478,37,
SHP_41_IB,38.955959,-95.25221,38,
SHP_41_IB,38.955542,-95.251953,39,
SHP_41_IB,38.955346,-95.251486,40,
SHP_41_IB,38.955267,-95.249298,41,
SHP_41_IB,38.955254,-95.245591,42,
SHP_41_IB,38.95525,-95.244432,43,
SHP_41_IB,38.955275,-95.244255,44,
SHP_41_IB,38.955692,-95.244566,45,
SHP_41_IB,38.956072,-95.245038,46,
SHP_41_IB,38.956672,-95.245934,47,
SHP_41_IB,38.956802,-95.246041,48,
SHP_41_IB,38.957227,-95.245972,49,
SHP_41_IB,38.957369,-95.245999,50,
SHP_41_IB,38.957477,-95.246454,51,
SHP_41_IB,38.958007,-95.248037,52,
SHP_41_IB,38.958491,-95.249394,53,
SHP_41_OB,38.958491,-95.249394,1,
SHP_41_OB,38.958904,-95.250607,2,
SHP_41_OB,38.959063,-95.250853,3,
SHP_41_OB,38.959163,-95.251063,4,
SHP_41_OB,38.959088,-95.251218,5,
SHP_41_OB,38.958946,-95.251272,6,
SHP_41_OB,38.958879,-95.252033,7,
SHP_41_OB,38.958862,-95.252216,8,
SHP_41_OB,38.958879,-95.252033,9,
SHP_41_OB,38.958862,-95.252216,10,
SHP_41_OB,38.958704,-95.252221,11,
SHP_41_OB,38.957653,-95.25221,12,
SHP_41_OB,38.957202,-95.252291,13,
SHP_41_OB,38.957098,-95.252452,14,
SHP_41_OB,38.957115,-95.252827,15,
SHP_41_OB,38.95711,-95.253643,16,
SHP_41_OB,38.957064,-95.254732,17,
SHP_41_OB,38.955884,-95.254775,18,
SHP_41_OB,38.955838,-95.256132,19,
SHP_41_OB,38.955667,-95.256636,20,
SHP_41_OB,38.955287,-95.257205,21,
SHP_41_OB,38.953544,-95.258905,22,
SHP_41_OB,38.953485,-95.259066,23,
SHP_41_OB,38.953464,-95.259233,24,
SHP_41_OB,38.953619,-95.259967,25,
SHP_41_OB,38.953635,-95.26221,26,
SHP_41_OB,38.953469,-95.262977,27,
SHP_41_OB,38.953064,-95.263004,28,
SHP_41_OB,38.952442,-95.262934,29,
SHP_41_OB,38.952309,-95.263224,30,
SHP_41_OB,38.952109,-95.263175,31,
SHP_41_OB,38.952038,-95.262854,32,
SHP_41_OB,38.952029,-95.262639,33,
SHP_41_OB,38.951796,-95.262355,34,
SHP_41_OB,38.951525,-95.261936,35,
SHP_41_OB,38.950878,-95.261609,36,
SHP_41_OB,38.950465,-95.261636,37,
SHP_41_OB,38.950215,-95.261727,38,
SHP_41_OB,38.949902,-95.261984,39,
SHP_41_OB,38.949447,-95.262489,40,
SHP_41_OB,38.948746,-95.26287,41,
SHP_41_OB,38.948905,-95.26428,42,
SHP_41_OB,38.94885,-95.265128,43,
SHP_41_OB,38.948508,-95.265933,44,
SHP_41_OB,38.948049,-95.26641,45,
SHP_41_OB,38.947599,-95.266625,46,
SHP_41_OB,38.947081,-95.266684,47,
SHP_42_NB,38.952442,-95.248911,1,
SHP_42_NB,38.953218,-95.248927,2,
SHP_42_NB,38.95326,-95.250092,3,
SHP_42_NB,38.95326,-95.251116,4,
SHP_42_NB,38.953314,-95.251159,5,
SHP_42_NB,38.955158,-95.251154,6,
SHP_42_NB,38.955254,-95.251164,7,
SHP_42_NB,38.955267,-95.249298,8,
SHP_42_NB,38.955254,-95.245591,9,
SHP_42_NB,38.95525,-95.244432,10,
SHP_42_NB,38.955275,-95.244255,11,
SHP_42_NB,38.955692,-95.244566,12,
SHP_42_NB,38.956072,-95.245038,13,
SHP_42_NB,38.956672,-95.245934,14,
SHP_42_NB,38.956802,-95.246041,15,
SHP_42_NB,38.957227,-95.245972,16,
SHP_42_NB,38.957369,-95.245999,17,
SHP_42_NB,38.957477,-95.246454,18,
SHP_42_NB,38.958007,-95.248037,19,
SHP_42_NB,38.958491,-95.249394,20,
SHP_42_NB,38.958921,-95.250644,21,
SHP_42_NB,38.959121,-95.250902,22,
SHP_42_NB,38.959192,-95.251046,23,
SHP_42_NB,38.959296,-95.251186,24,
SHP_42_NB,38.959934,-95.251197,25,
SHP_42_NB,38.961152,-95.251181,26,
SHP_42_NB,38.962529,-95.251164,27,
SHP_42_NB,38.963346,-95.251164,28,
SHP_42_NB,38.963392,-95.251063,29,
SHP_42_NB,38.963396,-95.250317,30,
SHP_42_NB,38.964256,-95.248412,31,
SHP_42_NB,38.964302,-95.247613,32,
SHP_42_NB,38.964297,-95.244255,33,
SHP_42_NB,38.964285,-95.24418,34,
SHP_42_NB,38.963847,-95.244159,35,
SHP_42_NB,38.963776,-95.244389,36,
SHP_42_NB,38.963117,-95.244454,37,
SHP_42_NB,38.962237,-95.244443,38,
SHP_42_NB,38.962012,-95.244384,39,
SHP_42_NB,38.960923,-95.244395,40,
SHP_42_NB,38.960739,-95.24448,41,
SHP_42_NB,38.960356,-95.244502,42,
SHP_42_EVE_NB,38.952442,-95.248911,1,
SHP_42_EVE_NB,38.953218,-95.248927,2,
SHP_42_EVE_NB,38.95326,-95.250092,3,
SHP_42_EVE_NB,38.95326,-95.251116,4,
SHP_42_EVE_NB,38.953314,-95.251159,5,
SHP_42_EVE_NB,38.955158,-95.251154,6,
SHP_42_EVE_NB,38.955254,-95.251164,7,
SHP_42_EVE_NB,38.955267,-95.249298,8,
SHP_42_EVE_NB,38.955254,-95.245591,9,
SHP_42_EVE_NB,38.95525,-95.244432,10,
SHP_42_EVE_NB,38.955275,-95.244255,11,
SHP_42_EVE_NB,38.955692,-95.244566,12,
SHP_42_EVE_NB,38.956072,-95.245038,13,
SHP_42_EVE_NB,38.956672,-95.245934,14,
SHP_42_EVE_NB,38.956802,-95.246041,15,
SHP_42_EVE_NB,38.957227,-95.245972,16,
SHP_42_EVE_NB,38.957369,-95.245999,17,
SHP_42_EVE_NB,38.957477,-95.246454,18,
SHP_42_EVE_NB,38.958007,-95.248037,19,
SHP_42_EVE_NB,38.958491,-95.249394,20,
SHP_42_EVE_NB,38.958921,-95.250644,21,
SHP_42_EVE_NB,38.959121,-95.250902,22,
SHP_42_EVE_NB,38.959192,-95.251046,23,
SHP_42_EVE_NB,38.959296,-95.251186,24,
SHP_42_EVE_NB,38.959934,-95.251197,25,
SHP_42_EVE_NB,38.961152,-95.251181,26,
SHP_42_EVE_NB,38.962529,-95.251164,27,
SHP_42_EVE_NB,38.963346,-95.251164,28,
SHP_42_EVE_NB,38.963392,-95.251063,29,
SHP_42_EVE_NB,38.963396,-95.250317,30,
SHP_42_EVE_NB,38.964256,-95.248412,31,
SHP_42_EVE_NB,38.964302,-95.247613,32,
SHP_42_EVE_NB,38.964297,-95.244255,33,
SHP_42_EVE_NB,38.964285,-95.24418,34,
SHP_42_EVE_NB,38.96381483,-95.24410039,35,
SHP_42_EVE_NB,38.96377729,-95.24176687,36,
SHP_42_EVE_NB,38.96443214,-95.24147719,37,
SHP_42_EVE_NB,38.96474497,-95.2415362,38,
SHP_42_EVE_NB,38.9648409,-95.24172395,39,
SHP_42_EVE_NB,38.96484507,-95.24201363,40,
SHP_42_EVE_NB,38.96471994,-95.24218529,41,
SHP_42_EVE_NB,38.96423193,-95.24222821,42,
SHP_42_EVE_NB,38.963957,-95.242121,43,
SHP_42_EVE_NB,38.96377312,-95.242132,44,
SHP_42_EVE_NB,38.96380649,-95.2441,45,
SHP_42_EVE_NB,38.963847,-95.244159,46,
SHP_42_EVE_NB,38.963776,-95.244389,47,
SHP_42_EVE_NB,38.963117,-95.244454,48,
SHP_42_EVE_NB,38.962237,-95.244443,49,
SHP_42_EVE_NB,38.962012,-95.244384,50,
SHP_42_EVE_NB,38.960923,-95.244395,51,
SHP_42_EVE_NB,38.960739,-95.24448,52,
SHP_42_EVE_NB,38.960356,-95.244502,53,
SHP_42_SB,38.960356,-95.244502,1,
SHP_42_SB,38.960289,-95.24455,2,
SHP_42_SB,38.960281,-95.24507,3,
SHP_42_SB,38.960172,-95.245092,4,
SHP_42_SB,38.95953,-95.245108,5,
SHP_42_SB,38.959275,-95.245001,6,
SHP_42_SB,38.95915,-95.244765,7,
SHP_42_SB,38.959104,-95.244362,8,
SHP_42_SB,38.959038,-95.244293,9,
SHP_42_SB,38.958483,-95.244491,10,
SHP_42_SB,38.958086,-95.244781,11,
SHP_42_SB,38.95774,-95.245135,12,
SHP_42_SB,38.957632,-95.245693,13,
SHP_42_SB,38.957461,-95.245982,14,
SHP_42_SB,38.957477,-95.246454,15,
SHP_42_SB,38.958007,-95.248037,16,
SHP_42_SB,38.958491,-95.249394,17,
SHP_42_SB,38.958904,-95.250607,18,
SHP_42_SB,38.959063,-95.250853,19,
SHP_42_SB,38.959163,-95.251063,20,
SHP_42_SB,38.959088,-95.251218,21,
SHP_42_SB,38.958946,-95.251272,22,
SHP_42_SB,38.958879,-95.252033,23,
SHP_42_SB,38.958862,-95.252216,24,
SHP_42_SB,38.958704,-95.252221,25,
SHP_42_SB,38.957724,-95.252151,26,
SHP_42_SB,38.957119,-95.2522,27,
SHP_42_SB,38.956618,-95.25221,28,
SHP_42_SB,38.95608,-95.252205,29,
SHP_42_SB,38.955859,-95.252162,30,
SHP_42_SB,38.955475,-95.251851,31,
SHP_42_SB,38.955292,-95.251486,32,
SHP_42_SB,38.955141,-95.25132,33,
SHP_42_SB,38.953915,-95.251325,34,
SHP_42_SB,38.953068,-95.251331,35,
SHP_42_SB,38.952421,-95.251304,36,
SHP_42_SB,38.951825,-95.251304,37,
SHP_42_SB,38.951429,-95.251293,38,
SHP_42_SB,38.951362,-95.251223,39,
SHP_42_SB,38.951341,-95.250977,40,
SHP_42_SB,38.951358,-95.24897,41,
SHP_42_SB,38.951441,-95.248911,42,
SHP_42_SB,38.952442,-95.248911,43,
SHP_43_EB,38.952271,-95.259431,1,
SHP_43_EB,38.952326,-95.259361,2,
SHP_43_EB,38.952772,-95.25942,3,
SHP_43_EB,38.953247,-95.259565,4,
SHP_43_EB,38.953431,-95.259522,5,
SHP_43_EB,38.954107,-95.259318,6,
SHP_43_EB,38.954499,-95.259072,7,
SHP_43_EB,38.954895,-95.258809,8,
SHP_43_EB,38.955242,-95.2586,9,
SHP_43_EB,38.95568,-95.258347,10,
SHP_43_EB,38.956105,-95.257875,11,
SHP_43_EB,38.956914,-95.257548,12,
SHP_43_EB,38.956998,-95.25735,13,
SHP_43_EB,38.957019,-95.25574,14,
SHP_43_EB,38.957027,-95.2536,15,
SHP_43_EB,38.957044,-95.252286,16,
SHP_43_EB,38.957177,-95.252162,17,
SHP_43_EB,38.958721,-95.252162,18,
SHP_43_EB,38.958858,-95.251942,19,
SHP_43_EB,38.958858,-95.251261,20,
SHP_43_EB,38.9589,-95.250837,21,
SHP_43_EB,38.958683,-95.250108,22,
SHP_43_EB,38.958324,-95.249088,23,
SHP_43_EB,38.957965,-95.248048,24,
SHP_43_EB,38.957365,-95.246181,25,
SHP_43_EB,38.957269,-95.245457,26,
SHP_43_EB,38.957356,-95.244711,27,
SHP_43_EB,38.957628,-95.244046,28,
SHP_43_EB,38.958095,-95.243477,29,
SHP_43_EB,38.958491,-95.243306,30,
SHP_43_EB,38.959213,-95.243123,31,
SHP_43_EB,38.959888,-95.242952,32,
SHP_43_EB,38.959968,-95.242667,33,
SHP_43_EB,38.959968,-95.241959,34,
SHP_43_EB,38.960122,-95.241841,35,
SHP_43_EB,38.96182,-95.24183,36,
SHP_43_EB,38.963688,-95.241814,37,
SHP_43_EB,38.96403,-95.241675,38,
SHP_43_EB,38.964498,-95.241525,39,
SHP_43_EB,38.964781,-95.241594,40,
SHP_43_EB,38.964886,-95.241927,41,
SHP_43_WB,38.964886,-95.241927,1,
SHP_43_WB,38.964819,-95.24219,2,
SHP_43_WB,38.964523,-95.24234,3,
SHP_43_WB,38.964085,-95.242297,4,
SHP_43_WB,38.963872,-95.242249,5,
SHP_43_WB,38.963847,-95.242903,6,
SHP_43_WB,38.961879,-95.2429515,7,
SHP_43_WB,38.9618623,-95.2424794,8,
SHP_43_WB,38.9599769,-95.2429246,9,
SHP_43_WB,38.9583417,-95.2433109,10,
SHP_43_WB,38.9581373,-95.2434182,11,
SHP_43_WB,38.9579746,-95.2435308,12,
SHP_43_WB,38.9578203,-95.2436864,13,
SHP_43_WB,38.9576951,-95.2439171,14,
SHP_43_WB,38.9575366,-95.2441906,15,
SHP_43_WB,38.9574198,-95.2444857,16,
SHP_43_WB,38.9573364,-95.2448558,17,
SHP_43_WB,38.957303,-95.2450489,18,
SHP_43_WB,38.9572822,-95.2453279,19,
SHP_43_WB,38.9573573,-95.2458912,20,
SHP_43_WB,38.957461,-95.245982,21,
SHP_43_WB,38.957477,-95.246454,22,
SHP_43_WB,38.958007,-95.248037,23,
SHP_43_WB,38.958491,-95.249394,24,
SHP_43_WB,38.958904,-95.250607,25,
SHP_43_WB,38.959063,-95.250853,26,
SHP_43_WB,38.959163,-95.251063,27,
SHP_43_WB,38.959088,-95.251218,28,
SHP_43_WB,38.958946,-95.251272,29,
SHP_43_WB,38.958879,-95.252033,30,
SHP_43_WB,38.958862,-95.252216,31,
SHP_43_WB,38.958704,-95.252221,32,
SHP_43_WB,38.957653,-95.25221,33,
SHP_43_WB,38.957202,-95.252291,34,
SHP_43_WB,38.957098,-95.252452,35,
SHP_43_WB,38.95711,-95.253643,36,
SHP_43_WB,38.957064,-95.254732,37,
SHP_43_WB,38.955884,-95.254775,38,
SHP_43_WB,38.955838,-95.256132,39,
SHP_43_WB,38.955667,-95.256636,40,
SHP_43_WB,38.955287,-95.257205,41,
SHP_43_WB,38.953544,-95.258905,42,
SHP_43_WB,38.953485,-95.259066,43,
SHP_43_WB,38.953464,-95.259233,44,
SHP_43_WB,38.953577,-95.259485,45,
SHP_43_WB,38.953293,-95.259635,46,
SHP_43_WB,38.953122,-95.259737,47,
SHP_43_WB,38.952551,-95.259748,48,
SHP_43_WB,38.952267,-95.259726,49,
SHP_43_WB,38.952271,-95.259431,50,
